0 0.418697 0.506985 0.015190 0.015251 0.952134
0 0.441723 0.290428 0.017486 0.017113 0.950303
0 0.454131 0.327662 0.014496 0.014089 0.946803
0 0.394568 0.465602 0.019657 0.019537 0.945198
0 0.326226 0.401530 0.012238 0.012020 0.943227
0 0.417346 0.528628 0.012909 0.012929 0.942989
0 0.256193 0.415762 0.015919 0.015779 0.941846
0 0.255622 0.452009 0.013236 0.013000 0.941251
0 0.195769 0.769337 0.013996 0.013781 0.940509
0 0.636008 0.244853 0.014310 0.014233 0.940008
0 0.379045 0.545588 0.014659 0.014667 0.939902
0 0.520365 0.474097 0.018537 0.018850 0.939142
0 0.555021 0.477089 0.017663 0.017533 0.937851
0 0.370963 0.405697 0.019841 0.019884 0.935465
0 0.484674 0.598258 0.016956 0.016764 0.934851
0 0.309134 0.241770 0.015645 0.015264 0.934850
0 0.294480 0.355622 0.018024 0.018254 0.934426
1 0.182271 0.213464 0.026668 0.029154 0.933758
0 0.508430 0.276782 0.017361 0.016590 0.933650
0 0.388989 0.529113 0.016219 0.015817 0.933644
0 0.533766 0.215025 0.015582 0.015320 0.933440
0 0.594103 0.452015 0.011679 0.011608 0.933002
0 0.281374 0.720658 0.013250 0.013823 0.932958
0 0.667113 0.349374 0.017240 0.017516 0.932905
0 0.235946 0.644634 0.013400 0.012526 0.932679
0 0.619396 0.229223 0.015363 0.015018 0.932137
0 0.557204 0.221415 0.015264 0.015685 0.931257
0 0.357524 0.207103 0.016699 0.016722 0.930992
0 0.309154 0.296839 0.012708 0.012870 0.930716
0 0.460479 0.451712 0.019062 0.019206 0.930253
0 0.543164 0.532576 0.012119 0.012036 0.929660
0 0.416930 0.584520 0.011779 0.011620 0.929549
0 0.427535 0.278034 0.017590 0.017325 0.929394
0 0.417173 0.259456 0.011127 0.011114 0.929302
0 0.477169 0.577839 0.016798 0.016583 0.929143
0 0.403007 0.573703 0.013498 0.013354 0.928867
0 0.338447 0.204993 0.014400 0.014013 0.928824
0 0.465371 0.628893 0.014376 0.014303 0.928734
0 0.180452 0.757032 0.016668 0.016595 0.927830
0 0.302851 0.410868 0.012803 0.012657 0.927563
0 0.464972 0.393246 0.012603 0.012471 0.927361
0 0.459359 0.410977 0.014631 0.014466 0.927251
0 0.297555 0.333023 0.010806 0.010710 0.925400
0 0.522577 0.359763 0.011842 0.011910 0.925302
0 0.618571 0.516049 0.014287 0.013804 0.924908
0 0.547754 0.309511 0.010380 0.010056 0.924883
0 0.608174 0.503325 0.014950 0.014999 0.924168
0 0.461858 0.479472 0.018488 0.018009 0.923305
0 0.358246 0.514513 0.016235 0.016392 0.923215
0 0.436468 0.448831 0.019528 0.019688 0.923122
0 0.440465 0.318957 0.019601 0.019875 0.923048
0 0.678025 0.518413 0.014086 0.013853 0.922968
0 0.517191 0.208006 0.015386 0.015913 0.922736
0 0.711279 0.275920 0.014257 0.014334 0.922644
0 0.570202 0.299297 0.019563 0.019140 0.922400
1 0.732317 0.352710 0.017076 0.013780 0.922067
0 0.579502 0.526689 0.014635 0.014186 0.921937
0 0.368574 0.290245 0.012691 0.012557 0.921895
0 0.569049 0.617802 0.012766 0.012741 0.921863
0 0.631274 0.602803 0.015540 0.015728 0.921510
0 0.549092 0.353396 0.015302 0.014772 0.920677
0 0.315167 0.788027 0.014102 0.014347 0.920496
0 0.479351 0.203633 0.016736 0.014855 0.920461
0 0.551473 0.593626 0.014960 0.014950 0.920361
0 0.413887 0.176629 0.014748 0.014052 0.919722
0 0.479441 0.221131 0.017289 0.016996 0.919626
1 0.531684 0.071802 0.027280 0.035420 0.917131
0 0.377463 0.279192 0.012618 0.012610 0.916869
0 0.566382 0.322445 0.013429 0.013235 0.916839
0 0.236954 0.660386 0.013815 0.014099 0.916460
0 0.181245 0.471061 0.014077 0.014240 0.916441
1 0.476650 0.700282 0.030733 0.037088 0.916080
0 0.288358 0.701831 0.013207 0.013041 0.916067
0 0.284267 0.430676 0.010014 0.009882 0.915452
0 0.931601 0.443490 0.016625 0.016635 0.915272
0 0.683477 0.425533 0.015733 0.015251 0.914980
0 0.670135 0.243178 0.016394 0.015772 0.914384
0 0.925442 0.411625 0.016825 0.016844 0.913994
0 0.443765 0.815175 0.013424 0.013368 0.913705
0 0.566302 0.639100 0.014512 0.014477 0.913445
0 0.516448 0.531045 0.011842 0.011999 0.912853
0 0.440648 0.405666 0.014407 0.014204 0.912088
0 0.734125 0.139532 0.010757 0.010791 0.911810
0 0.679165 0.770625 0.013597 0.013222 0.911639
0 0.607782 0.429420 0.010019 0.009696 0.911609
0 0.320017 0.702880 0.012469 0.012356 0.911147
0 0.565302 0.493653 0.010565 0.010403 0.910544
0 0.564565 0.457557 0.017202 0.017041 0.910348
0 0.280502 0.228033 0.013772 0.013286 0.910168
0 0.683324 0.285312 0.018244 0.017660 0.910004
0 0.338956 0.465052 0.010636 0.010391 0.909850
0 0.530421 0.417902 0.016067 0.015836 0.908140
0 0.332017 0.168127 0.015008 0.015506 0.907693
0 0.691500 0.113166 0.019991 0.019988 0.907627
1 0.384117 0.243155 0.019754 0.019891 0.907533
0 0.246054 0.360544 0.015649 0.015670 0.907506
0 0.185362 0.553937 0.015721 0.015227 0.907234
0 0.113217 0.679858 0.013313 0.013033 0.906844
0 0.454582 0.568655 0.009792 0.009675 0.906833
0 0.523146 0.180187 0.011803 0.011454 0.906784
0 0.194210 0.615464 0.011994 0.011743 0.906781
0 0.210277 0.596066 0.014563 0.014202 0.905964
0 0.719336 0.380384 0.015137 0.014944 0.905681
0 0.504107 0.584069 0.009616 0.009223 0.905427
0 0.307402 0.262697 0.017186 0.016672 0.905353
1 0.445734 0.609339 0.020858 0.017499 0.905294
0 0.216052 0.682768 0.012312 0.012308 0.903996
0 0.520741 0.139306 0.014258 0.014074 0.903833
0 0.883728 0.374914 0.015710 0.015432 0.903581
0 0.280131 0.479814 0.010408 0.009892 0.903275
1 0.269091 0.366753 0.019232 0.021832 0.902902
1 0.397198 0.434140 0.017311 0.015607 0.902464
0 0.253457 0.706500 0.013066 0.012527 0.902408
0 0.798627 0.393265 0.012891 0.012755 0.901669
0 0.830854 0.347454 0.012220 0.012131 0.901586
0 0.351346 0.751961 0.015118 0.014611 0.900836
0 0.670775 0.388952 0.016446 0.016235 0.900520
0 0.501579 0.295012 0.019440 0.018515 0.900147
0 0.376639 0.610476 0.013788 0.013071 0.899454
1 0.381393 0.816535 0.015756 0.018488 0.899329
1 0.104625 0.456557 0.020533 0.016996 0.898349
1 0.399541 0.195084 0.022685 0.022025 0.897373
0 0.256850 0.626602 0.012018 0.011516 0.897262
1 0.704268 0.816929 0.018414 0.022911 0.897094
0 0.366996 0.853746 0.010463 0.010389 0.896147
0 0.251818 0.294794 0.015946 0.014930 0.895926
0 0.628600 0.422058 0.009546 0.009476 0.895280
0 0.434738 0.653565 0.009916 0.009933 0.895123
1 0.846363 0.244981 0.022471 0.021880 0.894555
1 0.234870 0.383511 0.026832 0.022034 0.893940
1 0.586575 0.274034 0.022474 0.021080 0.893413
0 0.153062 0.593692 0.013019 0.012796 0.893286
1 0.747253 0.306882 0.021457 0.017871 0.893241
1 0.519742 0.387075 0.018688 0.027468 0.892443
1 0.382245 0.159488 0.027179 0.023639 0.892434
1 0.331393 0.317965 0.021239 0.017512 0.892376
0 0.454220 0.643755 0.014653 0.014558 0.892190
0 0.169588 0.442798 0.009721 0.009675 0.891753
0 0.682620 0.169159 0.015420 0.015389 0.891227
0 0.697325 0.148317 0.011271 0.011311 0.890554
0 0.319357 0.729152 0.013624 0.012551 0.890417
0 0.383214 0.585057 0.010631 0.010511 0.890283
1 0.680598 0.454218 0.020829 0.016895 0.890157
0 0.228559 0.272802 0.012876 0.013755 0.890149
1 0.357177 0.328771 0.020965 0.026954 0.889779
1 0.391763 0.894259 0.036258 0.024105 0.889689
0 0.768179 0.825820 0.017316 0.016559 0.888581
0 0.385524 0.203088 0.010708 0.010381 0.888552
0 0.265433 0.310715 0.014290 0.014025 0.888210
0 0.323275 0.594190 0.012039 0.012053 0.887427
0 0.830066 0.429009 0.008932 0.008648 0.886963
0 0.578963 0.560134 0.015237 0.015050 0.886476
1 0.232350 0.475509 0.019832 0.024241 0.886370
0 0.561612 0.256018 0.019040 0.018206 0.886233
1 0.503388 0.880583 0.016572 0.021753 0.885807
0 0.521733 0.192584 0.010241 0.009593 0.885781
0 0.646446 0.610037 0.013304 0.013433 0.885096
1 0.265645 0.570435 0.017116 0.012981 0.884137
1 0.653694 0.453361 0.015614 0.015076 0.884133
0 0.602511 0.650786 0.012735 0.012436 0.883660
0 0.286957 0.153768 0.016885 0.016434 0.883536
0 0.424218 0.399237 0.019019 0.019303 0.883026
1 0.373207 0.640027 0.014500 0.016242 0.882220
1 0.598743 0.795059 0.017199 0.012605 0.882038
1 0.326793 0.551864 0.017668 0.026592 0.881952
0 0.638524 0.643478 0.012988 0.012457 0.881801
1 0.663519 0.316598 0.032262 0.020925 0.881539
0 0.479880 0.529384 0.009115 0.008037 0.880805
0 0.551776 0.181696 0.011237 0.011093 0.880802
1 0.655211 0.479989 0.026998 0.030731 0.880775
0 0.614012 0.482855 0.010610 0.010588 0.880586
0 0.184180 0.721763 0.009158 0.008956 0.880458
0 0.707148 0.177641 0.010545 0.010047 0.879577
1 0.533510 0.118809 0.017601 0.020575 0.879441
0 0.675146 0.200047 0.014644 0.014720 0.879125
1 0.541788 0.668864 0.020032 0.014784 0.878941
0 0.616706 0.539970 0.015600 0.014308 0.878542
0 0.576973 0.792627 0.012241 0.011930 0.878515
0 0.196195 0.469087 0.014106 0.013576 0.878154
1 0.657466 0.414129 0.023783 0.024760 0.878144
1 0.107540 0.575268 0.038793 0.046132 0.877681
1 0.893854 0.652604 0.041100 0.040328 0.877418
0 0.429033 0.778394 0.014369 0.013515 0.877413
1 0.742693 0.834478 0.017608 0.022142 0.876409
0 0.268933 0.385894 0.016129 0.015252 0.876223
0 0.758696 0.283833 0.008474 0.008509 0.876199
1 0.523901 0.655759 0.014253 0.016400 0.875901
0 0.483938 0.412167 0.013043 0.012961 0.875817
0 0.419613 0.668408 0.010061 0.009520 0.875521
1 0.554774 0.376775 0.029520 0.019665 0.875006
0 0.193605 0.569511 0.009172 0.009120 0.874785
0 0.333358 0.194867 0.009195 0.009202 0.874580
0 0.770879 0.454321 0.013334 0.013148 0.874520
0 0.401587 0.915258 0.016744 0.016840 0.874397
0 0.618726 0.553111 0.010299 0.009486 0.874061
0 0.597786 0.553966 0.015872 0.015986 0.873574
0 0.613370 0.098240 0.017848 0.018724 0.873497
0 0.878211 0.420662 0.011127 0.010831 0.872996
1 0.632125 0.658853 0.013358 0.015963 0.872849
1 0.243363 0.509409 0.027307 0.026768 0.871749
1 0.810822 0.466911 0.014708 0.017475 0.871577
0 0.619712 0.730842 0.012484 0.012714 0.871432
1 0.195433 0.512344 0.017298 0.017433 0.871432
1 0.845196 0.731528 0.020897 0.031098 0.870821
0 0.264651 0.345469 0.009753 0.009416 0.870651
0 0.713095 0.309616 0.010278 0.010378 0.870055
0 0.816583 0.441912 0.012352 0.012247 0.870006
0 0.293311 0.258703 0.009728 0.009979 0.869857
0 0.133945 0.588252 0.014950 0.014987 0.869131
0 0.759849 0.704459 0.012454 0.013037 0.869042
1 0.703008 0.568622 0.020186 0.014802 0.868479
1 0.256781 0.201809 0.021692 0.026648 0.868161
0 0.174464 0.514734 0.015335 0.014572 0.868121
0 0.322437 0.742178 0.014264 0.013559 0.867984
0 0.369393 0.692466 0.011530 0.011419 0.867810
0 0.573903 0.660072 0.013372 0.012385 0.867770
0 0.340735 0.608894 0.013186 0.012411 0.867236
0 0.706407 0.494320 0.007794 0.007267 0.866527
1 0.105003 0.364889 0.031386 0.021227 0.865806
0 0.507723 0.162415 0.014925 0.014385 0.865781
0 0.691397 0.339469 0.009600 0.009247 0.865386
1 0.615800 0.780961 0.016449 0.021191 0.864980
0 0.420523 0.697235 0.010089 0.010154 0.864603
1 0.920922 0.582891 0.026502 0.030673 0.864547
1 0.526678 0.611780 0.032020 0.026253 0.864369
1 0.760654 0.805243 0.019584 0.019834 0.864253
1 0.248860 0.819546 0.036622 0.027854 0.864195
1 0.668444 0.162177 0.017504 0.019278 0.863768
0 0.582443 0.091150 0.016794 0.016587 0.863681
1 0.827808 0.648009 0.014521 0.019419 0.863117
1 0.864974 0.542130 0.016655 0.019997 0.862976
0 0.278531 0.491615 0.010363 0.009654 0.862929
1 0.153694 0.741130 0.033224 0.047847 0.862601
1 0.727966 0.644561 0.016345 0.015551 0.862555
1 0.605820 0.878624 0.023107 0.024738 0.862181
1 0.780912 0.423369 0.015191 0.014756 0.862036
0 0.673774 0.181916 0.013274 0.012591 0.861657
0 0.719421 0.737684 0.012411 0.013035 0.861397
0 0.876469 0.708710 0.011618 0.011494 0.861310
0 0.671406 0.296196 0.009887 0.009276 0.861125
1 0.479307 0.749776 0.015702 0.014685 0.860981
1 0.222670 0.338551 0.017988 0.023097 0.860929
0 0.341020 0.331911 0.010603 0.011205 0.860647
0 0.512094 0.726110 0.014333 0.014218 0.860592
1 0.608218 0.828534 0.015178 0.015420 0.860450
1 0.568914 0.072191 0.039671 0.027070 0.860056
0 0.613984 0.439178 0.009379 0.009462 0.859868
0 0.346394 0.889071 0.011544 0.011255 0.859480
1 0.208814 0.435737 0.018458 0.024209 0.858728
0 0.233493 0.835028 0.013096 0.013365 0.858261
1 0.822439 0.287698 0.056972 0.045058 0.858119
1 0.924136 0.621113 0.017706 0.021031 0.857988
1 0.836637 0.570152 0.019358 0.013327 0.857868
1 0.906319 0.598374 0.017454 0.021454 0.857669
1 0.398646 0.626899 0.034511 0.025483 0.857498
0 0.206192 0.821742 0.012006 0.011694 0.857276
0 0.267784 0.433497 0.007347 0.007160 0.857266
0 0.333988 0.732996 0.008027 0.008144 0.857076
0 0.367672 0.136313 0.013693 0.014177 0.856810
1 0.759294 0.411596 0.015670 0.018951 0.856402
0 0.334988 0.304154 0.011459 0.009920 0.855817
1 0.133149 0.343103 0.021083 0.031183 0.854932
1 0.232168 0.605252 0.020385 0.019909 0.854784
1 0.816093 0.597871 0.013202 0.015080 0.854595
0 0.571583 0.768809 0.012316 0.012271 0.854428
0 0.590724 0.904025 0.010608 0.010659 0.853957
0 0.248593 0.695742 0.013057 0.011844 0.853595
0 0.617165 0.697028 0.011469 0.011563 0.852889
0 0.203617 0.711707 0.015848 0.016041 0.852544
0 0.717176 0.493622 0.008074 0.008228 0.852219
0 0.306823 0.543798 0.009942 0.010014 0.851738
1 0.208183 0.250418 0.020586 0.023504 0.851612
0 0.566947 0.544337 0.016191 0.015537 0.851299
0 0.628017 0.819678 0.012204 0.011841 0.851139
0 0.361306 0.535766 0.008882 0.008489 0.851037
1 0.573143 0.743282 0.013698 0.015936 0.850568
1 0.883308 0.479043 0.017708 0.016314 0.850421
1 0.520184 0.890606 0.019505 0.018151 0.850122
0 0.199737 0.481861 0.015798 0.014283 0.850108
1 0.693767 0.385312 0.020565 0.018762 0.850090
0 0.777342 0.791288 0.008880 0.008591 0.849951
0 0.877595 0.616926 0.013283 0.012593 0.849910
0 0.634687 0.538171 0.009074 0.008867 0.849778
1 0.726382 0.541502 0.015422 0.015213 0.849754
1 0.509276 0.781984 0.017635 0.019211 0.849733
1 0.778045 0.340284 0.021082 0.021375 0.849672
0 0.097457 0.386765 0.016825 0.015883 0.849606
0 0.554303 0.569604 0.008951 0.008201 0.849476
0 0.359422 0.641902 0.010826 0.011361 0.848762
0 0.646036 0.522715 0.008952 0.009040 0.847963
1 0.096257 0.506344 0.026097 0.028202 0.847190
0 0.590270 0.658734 0.013775 0.014016 0.846271
1 0.421661 0.885831 0.016677 0.014974 0.846070
1 0.625188 0.710635 0.018083 0.018691 0.845946
1 0.552212 0.766388 0.014999 0.012792 0.845695
1 0.339784 0.138406 0.018676 0.017087 0.845427
0 0.343922 0.819559 0.007891 0.007869 0.845063
0 0.755357 0.716732 0.008611 0.008299 0.844965
0 0.704072 0.467027 0.007104 0.007344 0.844858
1 0.777184 0.668426 0.019771 0.012394 0.844842
1 0.311837 0.200583 0.018237 0.024983 0.844726
1 0.886682 0.537208 0.015719 0.021664 0.842834
1 0.398234 0.676241 0.018122 0.015070 0.842584
0 0.476770 0.814981 0.012986 0.013215 0.842090
0 0.881416 0.309965 0.010674 0.010316 0.841637
1 0.452365 0.188432 0.025355 0.025710 0.841606
0 0.748580 0.432583 0.013736 0.013482 0.841365
0 0.688247 0.132865 0.011581 0.011234 0.841127
0 0.497073 0.528752 0.016904 0.017175 0.840862
1 0.270733 0.261779 0.018170 0.019269 0.840760
0 0.193717 0.266927 0.011556 0.011067 0.840586
1 0.181676 0.631172 0.025100 0.017960 0.840333
0 0.655977 0.843603 0.009336 0.008557 0.839563
0 0.567480 0.119692 0.014452 0.014091 0.839163
0 0.803402 0.568192 0.007095 0.006566 0.838872
1 0.915212 0.524673 0.018230 0.022602 0.838583
0 0.542545 0.732779 0.006073 0.005028 0.838295
1 0.321709 0.122503 0.027058 0.016921 0.837968
1 0.208481 0.410050 0.023766 0.016909 0.837730
1 0.702383 0.715349 0.021090 0.013882 0.837650
1 0.206749 0.548818 0.015321 0.019954 0.837605
1 0.775719 0.694818 0.017370 0.014620 0.837393
0 0.717300 0.657386 0.007598 0.007885 0.837175
0 0.394158 0.656106 0.008103 0.007894 0.836597
0 0.325773 0.838353 0.017152 0.015856 0.836236
0 0.842042 0.605396 0.005501 0.006192 0.836126
0 0.734667 0.754874 0.013500 0.013682 0.835858
0 0.301546 0.384925 0.010133 0.009872 0.835302
1 0.853819 0.312804 0.019849 0.016620 0.835041
0 0.809817 0.346434 0.013326 0.012165 0.834759
0 0.143951 0.409939 0.012664 0.012155 0.834608
0 0.841413 0.550679 0.012250 0.012093 0.834307
0 0.302390 0.875934 0.012394 0.012837 0.834269
1 0.751167 0.465308 0.019698 0.017069 0.834146
0 0.403249 0.854395 0.015196 0.014698 0.833732
1 0.504476 0.852904 0.017093 0.013848 0.833495
0 0.666586 0.853636 0.010497 0.010642 0.833477
1 0.634766 0.568379 0.030412 0.021454 0.833430
0 0.710684 0.192373 0.017315 0.017333 0.833351
1 0.676531 0.874924 0.016842 0.024726 0.833227
1 0.788496 0.445496 0.023669 0.031088 0.832493
0 0.557110 0.194795 0.008266 0.008493 0.832322
1 0.269265 0.588641 0.023378 0.014941 0.832121
0 0.602391 0.674213 0.012177 0.012120 0.830680
0 0.823915 0.377430 0.013529 0.013124 0.830605
1 0.858619 0.359660 0.025394 0.014270 0.830202
1 0.380019 0.714781 0.033747 0.021591 0.829986
1 0.647418 0.876040 0.024443 0.029003 0.829980
1 0.888302 0.596018 0.020929 0.023343 0.829902
0 0.556586 0.132911 0.010447 0.010402 0.829537
0 0.646883 0.804276 0.013323 0.012652 0.828977
1 0.728117 0.479784 0.018972 0.018941 0.828902
0 0.284605 0.520927 0.009317 0.008143 0.828831
1 0.792085 0.634455 0.018621 0.016422 0.828694
0 0.438313 0.784430 0.008434 0.008650 0.828375
1 0.638583 0.138288 0.030099 0.030582 0.828286
1 0.135701 0.642041 0.038451 0.040822 0.828269
0 0.306996 0.575116 0.013060 0.013412 0.827330
1 0.781017 0.387527 0.021218 0.020335 0.826986
0 0.121149 0.610190 0.014376 0.014129 0.826929
1 0.146419 0.685634 0.023861 0.024808 0.826709
1 0.279300 0.641226 0.018915 0.012332 0.826634
1 0.208430 0.308815 0.019495 0.032112 0.826317
0 0.501285 0.649576 0.015458 0.014920 0.826152
1 0.357788 0.597977 0.019856 0.017493 0.826133
0 0.940317 0.462969 0.016412 0.016197 0.825962
1 0.728887 0.681006 0.014454 0.011556 0.825901
1 0.351647 0.679675 0.020682 0.013699 0.825898
1 0.840265 0.671151 0.025839 0.025845 0.825625
1 0.384224 0.870154 0.023368 0.016278 0.825543
1 0.141505 0.560526 0.025274 0.032656 0.825427
1 0.331644 0.868701 0.044543 0.046480 0.825252
0 0.643065 0.780324 0.006985 0.006917 0.825150
1 0.894071 0.327551 0.022231 0.020260 0.825088
0 0.490130 0.735908 0.010779 0.010408 0.824806
1 0.756421 0.173408 0.032070 0.019062 0.824698
1 0.676200 0.571143 0.019284 0.023365 0.824388
1 0.853511 0.485323 0.013372 0.016616 0.824136
0 0.670224 0.603842 0.006664 0.006339 0.824103
1 0.857453 0.336672 0.024011 0.025047 0.823179
0 0.719484 0.560511 0.010440 0.010230 0.823052
0 0.540460 0.812974 0.015372 0.014004 0.822165
1 0.537098 0.761067 0.014930 0.016321 0.821975
1 0.868037 0.470651 0.016148 0.018322 0.821888
0 0.673574 0.833871 0.012171 0.013090 0.821445
1 0.442601 0.689158 0.029259 0.029048 0.821197
0 0.139430 0.510627 0.008376 0.008114 0.820625
1 0.209962 0.272774 0.022413 0.019859 0.820326
1 0.103984 0.536971 0.023154 0.024518 0.820203
1 0.578237 0.209517 0.020558 0.014803 0.820058
1 0.455183 0.757328 0.025887 0.030500 0.819972
1 0.520536 0.913986 0.019258 0.020502 0.819933
0 0.920703 0.545689 0.008126 0.007644 0.819782
1 0.441035 0.155594 0.019444 0.020206 0.819438
1 0.272994 0.672143 0.023158 0.018779 0.819286
1 0.329110 0.515780 0.029535 0.025645 0.818894
1 0.184295 0.289820 0.021586 0.022684 0.818561
0 0.870111 0.492463 0.007705 0.007023 0.818332
0 0.139036 0.612740 0.014663 0.014104 0.818135
0 0.786032 0.486866 0.012992 0.013472 0.817964
0 0.536668 0.443281 0.019287 0.018081 0.817855
1 0.604620 0.589707 0.019983 0.020185 0.817816
0 0.584503 0.513733 0.008747 0.008392 0.817786
0 0.591698 0.685339 0.012887 0.012113 0.817778
0 0.358100 0.830064 0.008681 0.008624 0.817694
1 0.145382 0.711190 0.026514 0.018865 0.816409
0 0.559301 0.559461 0.012205 0.012393 0.816355
1 0.288956 0.573292 0.022412 0.014271 0.816352
0 0.181923 0.382239 0.008321 0.008331 0.816104
1 0.711416 0.872735 0.033390 0.031838 0.815502
1 0.235037 0.227588 0.023789 0.027980 0.815420
0 0.108354 0.606226 0.012083 0.012585 0.815075
1 0.891872 0.434999 0.023693 0.021584 0.814818
1 0.337916 0.593309 0.015149 0.017778 0.814502
0 0.526966 0.726736 0.008149 0.008102 0.814067
0 0.157445 0.443165 0.007924 0.009632 0.813907
1 0.231759 0.736483 0.031429 0.026769 0.813790
1 0.625188 0.905639 0.022405 0.017364 0.813659
1 0.678389 0.740485 0.020557 0.015008 0.813413
0 0.459068 0.859341 0.013600 0.013092 0.812091
0 0.245663 0.616784 0.013502 0.013674 0.811826
1 0.786940 0.371312 0.015292 0.015483 0.811224
0 0.567305 0.267097 0.011009 0.010695 0.811111
0 0.629837 0.494078 0.006540 0.006557 0.810833
0 0.505161 0.122180 0.013425 0.013504 0.810417
1 0.502309 0.813666 0.014927 0.017941 0.810165
0 0.340695 0.628258 0.008534 0.007927 0.809871
1 0.478728 0.909824 0.050502 0.040572 0.809723
1 0.686749 0.655514 0.024664 0.023328 0.809563
1 0.257561 0.756876 0.030994 0.031065 0.807948
0 0.659781 0.613096 0.011642 0.011547 0.806587
1 0.220368 0.808890 0.025888 0.027879 0.805954
0 0.416246 0.720149 0.007759 0.007817 0.805951
1 0.342022 0.700438 0.021072 0.022803 0.805928
1 0.152796 0.421020 0.016428 0.013440 0.805313
1 0.857590 0.713560 0.020346 0.017428 0.804804
1 0.606792 0.812226 0.014300 0.017278 0.804766
1 0.672351 0.694860 0.014077 0.016529 0.804679
0 0.744030 0.728842 0.012356 0.012042 0.804545
0 0.624335 0.877485 0.013600 0.015525 0.804425
1 0.936552 0.512138 0.018047 0.020976 0.804356
0 0.584463 0.888732 0.014607 0.013319 0.804268
1 0.369576 0.881821 0.018055 0.016209 0.804246
1 0.295415 0.783156 0.016616 0.015170 0.803699
1 0.868928 0.687970 0.016623 0.019530 0.803423
0 0.828181 0.416058 0.014174 0.013447 0.803178
0 0.673248 0.894469 0.017218 0.016318 0.803050
1 0.824583 0.745177 0.021200 0.023656 0.802984
1 0.319618 0.668086 0.029470 0.028260 0.802708
0 0.893061 0.418907 0.007973 0.007610 0.802393
1 0.277008 0.610083 0.019492 0.030363 0.801717
0 0.489572 0.779530 0.011528 0.011293 0.801611
1 0.264520 0.535548 0.018852 0.016879 0.801192
0 0.615930 0.187816 0.013589 0.015525 0.800384
1 0.471988 0.776175 0.017618 0.025115 0.799677
1 0.884873 0.573576 0.041233 0.025105 0.799516
0 0.710703 0.241839 0.014537 0.012440 0.799268
1 0.723886 0.460908 0.018963 0.019812 0.798894
0 0.901659 0.615138 0.012507 0.011872 0.798713
1 0.490630 0.147306 0.018047 0.015319 0.798250
1 0.675137 0.801759 0.023798 0.015185 0.798239
0 0.197408 0.678188 0.013704 0.014578 0.798118
1 0.240811 0.790074 0.025825 0.032383 0.797054
0 0.833965 0.364392 0.013768 0.012816 0.796856
0 0.915662 0.360570 0.019053 0.018278 0.796561
1 0.849941 0.386490 0.039732 0.030576 0.796356
1 0.252784 0.152300 0.023719 0.032478 0.796332
0 0.167131 0.271795 0.017810 0.017455 0.796050
1 0.592411 0.124737 0.026385 0.023388 0.796034
0 0.620145 0.684640 0.008654 0.008421 0.795818
1 0.628156 0.855464 0.023559 0.017110 0.795446
1 0.767378 0.583913 0.012537 0.014678 0.795381
1 0.561672 0.873675 0.017947 0.028853 0.795330
0 0.801086 0.654075 0.011739 0.011227 0.794890
1 0.436158 0.860221 0.023620 0.026507 0.794516
0 0.726451 0.275848 0.007806 0.007692 0.794289
1 0.285215 0.534418 0.018156 0.015702 0.793907
0 0.778401 0.406121 0.015115 0.014380 0.792538
0 0.232618 0.319749 0.008333 0.008593 0.792064
1 0.821146 0.710266 0.033571 0.020614 0.791806
1 0.197787 0.650502 0.014121 0.018514 0.791743
0 0.587240 0.232961 0.009808 0.010027 0.791370
0 0.777064 0.594069 0.011756 0.011143 0.791018
0 0.161240 0.584320 0.010235 0.009976 0.790997
0 0.437963 0.635971 0.014232 0.014326 0.790882
1 0.611998 0.131114 0.017830 0.021040 0.790532
1 0.125335 0.538613 0.017489 0.024051 0.790458
0 0.190967 0.303451 0.008551 0.008357 0.790332
1 0.750724 0.192892 0.044696 0.025383 0.789520
1 0.797070 0.288021 0.015197 0.020777 0.789243
1 0.743328 0.670932 0.013078 0.017990 0.789199
0 0.591392 0.107884 0.009997 0.009980 0.787548
0 0.401642 0.168439 0.010557 0.010723 0.786781
1 0.083259 0.536548 0.016310 0.018620 0.786686
1 0.385291 0.763646 0.021636 0.015916 0.786673
0 0.498273 0.133447 0.013879 0.013239 0.785948
0 0.169982 0.744855 0.013969 0.014249 0.785707
1 0.692851 0.728649 0.025778 0.017703 0.785683
1 0.809756 0.624779 0.021316 0.025265 0.785545
0 0.856169 0.506232 0.004620 0.004783 0.785303
1 0.307390 0.141989 0.022701 0.025575 0.785103
1 0.309751 0.826901 0.045375 0.024175 0.785053
0 0.383896 0.661190 0.008619 0.008249 0.784269
0 0.438053 0.711775 0.011795 0.012215 0.784215
1 0.667966 0.820735 0.013814 0.013784 0.783683
0 0.427902 0.795956 0.014264 0.014277 0.783438
1 0.427828 0.096088 0.023710 0.023061 0.782667
0 0.812326 0.560345 0.006677 0.007253 0.782516
1 0.726140 0.439627 0.021728 0.018826 0.782194
0 0.354873 0.655488 0.012042 0.011581 0.781897
1 0.170934 0.323791 0.019684 0.015566 0.781625
1 0.703608 0.642206 0.012645 0.011487 0.780979
1 0.240128 0.328831 0.022224 0.023523 0.780238
1 0.239148 0.249206 0.017282 0.016653 0.779922
1 0.202792 0.364305 0.014840 0.014299 0.779634
0 0.841290 0.488054 0.012072 0.011629 0.779386
0 0.829992 0.593277 0.007875 0.007835 0.778958
0 0.891206 0.620199 0.008908 0.007768 0.778103
0 0.828041 0.528818 0.013514 0.013335 0.777998
0 0.808958 0.494434 0.007946 0.008149 0.777985
0 0.619218 0.838631 0.011894 0.011748 0.777880
0 0.524638 0.578004 0.008849 0.008914 0.776933
0 0.269092 0.862437 0.014784 0.013570 0.776824
0 0.307622 0.594705 0.007985 0.008396 0.776304
0 0.743648 0.504706 0.005738 0.005621 0.776104
1 0.552361 0.103840 0.030471 0.017636 0.775130
1 0.661975 0.682793 0.019299 0.016228 0.774029
0 0.735461 0.813116 0.006549 0.006313 0.773848
0 0.554243 0.821785 0.007361 0.007240 0.773609
0 0.777535 0.746858 0.014146 0.012836 0.773574
0 0.280951 0.653088 0.012130 0.010949 0.772683
1 0.374212 0.737055 0.026941 0.028943 0.772322
1 0.816568 0.763176 0.015751 0.015347 0.771365
1 0.714353 0.689193 0.014480 0.012046 0.771347
1 0.735690 0.240274 0.034633 0.019557 0.770930
0 0.358957 0.165221 0.015022 0.014674 0.770353
0 0.345008 0.287808 0.017036 0.017381 0.770041
1 0.290390 0.184803 0.028566 0.030554 0.769918
0 0.753528 0.573166 0.011294 0.011229 0.769825
0 0.704530 0.518511 0.007325 0.006778 0.769821
0 0.447962 0.128409 0.013809 0.013232 0.769203
1 0.435135 0.194549 0.016069 0.013775 0.768914
0 0.639896 0.713450 0.012261 0.012144 0.768575
1 0.174210 0.668252 0.021441 0.016915 0.768009
0 0.551705 0.904419 0.014889 0.014585 0.767428
0 0.556543 0.893570 0.008414 0.007496 0.766874
1 0.571988 0.710940 0.020699 0.020640 0.766284
1 0.352916 0.722085 0.024273 0.021326 0.764798
1 0.170882 0.367573 0.024935 0.024825 0.764625
0 0.623065 0.625123 0.006939 0.007032 0.764332
1 0.544304 0.919602 0.025768 0.025705 0.764256
1 0.402900 0.772407 0.019673 0.026135 0.764033
1 0.230541 0.707917 0.014463 0.012986 0.763675
0 0.721284 0.531705 0.006798 0.006450 0.763442
1 0.153465 0.292071 0.023974 0.015885 0.762944
0 0.818164 0.455577 0.006109 0.005980 0.762421
1 0.766295 0.485163 0.022451 0.015990 0.762155
1 0.608002 0.906159 0.015980 0.020441 0.761355
1 0.819833 0.653647 0.018331 0.026127 0.761228
0 0.489293 0.814644 0.009086 0.009741 0.760181
1 0.164653 0.305355 0.020709 0.014214 0.758875
0 0.805280 0.417435 0.005042 0.005086 0.758860
1 0.494930 0.763008 0.021101 0.020513 0.758699
0 0.873147 0.505759 0.012298 0.012232 0.758610
0 0.706971 0.508113 0.014239 0.013547 0.758246
0 0.654588 0.903796 0.015832 0.016082 0.757654
1 0.704742 0.837811 0.022791 0.018269 0.757621
1 0.701425 0.795540 0.024925 0.021744 0.754781
1 0.161857 0.391226 0.032001 0.020384 0.753398
0 0.346830 0.553826 0.012050 0.015442 0.752919
1 0.495536 0.097646 0.020705 0.026191 0.752836
0 0.930876 0.607086 0.008735 0.008796 0.752422
0 0.358723 0.692642 0.007037 0.007625 0.752359
0 0.627390 0.749610 0.011871 0.012630 0.750543
1 0.751549 0.751527 0.018044 0.018729 0.750174
0 0.864857 0.705127 0.008919 0.009504 0.747708
0 0.584894 0.196018 0.015286 0.013807 0.747115
0 0.220605 0.293904 0.008355 0.008421 0.746748
0 0.589707 0.782949 0.012486 0.012024 0.746623
0 0.365942 0.105368 0.009173 0.008829 0.746614
1 0.848661 0.465507 0.015680 0.020335 0.744571
0 0.785701 0.313123 0.010532 0.010447 0.744486
0 0.432777 0.911995 0.012283 0.012429 0.743822
0 0.689504 0.560869 0.006972 0.007570 0.742970
1 0.411890 0.148579 0.020955 0.015497 0.742662
1 0.576777 0.860959 0.017175 0.016038 0.741417
1 0.685657 0.849028 0.020038 0.026151 0.740770
0 0.575911 0.177670 0.007528 0.007791 0.740737
0 0.581678 0.718613 0.010953 0.011840 0.740727
1 0.738362 0.620031 0.026584 0.022884 0.740342
1 0.665373 0.787053 0.017410 0.014333 0.740118
0 0.770095 0.569331 0.006599 0.006193 0.739468
0 0.809173 0.587722 0.011887 0.011959 0.739050
0 0.713388 0.391393 0.009930 0.009250 0.738665
0 0.930352 0.535727 0.016564 0.015936 0.738036
0 0.268999 0.281536 0.015850 0.015508 0.737761
0 0.684777 0.714477 0.011868 0.011703 0.736439
0 0.539815 0.743649 0.013066 0.012173 0.736085
0 0.504530 0.635953 0.012460 0.010841 0.736012
1 0.793215 0.726772 0.037287 0.031011 0.735675
0 0.619566 0.166792 0.010272 0.010480 0.735443
0 0.721917 0.581408 0.007790 0.008187 0.734770
0 0.790315 0.697336 0.012343 0.012072 0.734654
0 0.446568 0.733807 0.011211 0.011223 0.733927
0 0.594465 0.695584 0.006914 0.006276 0.731313
1 0.910005 0.470441 0.033840 0.041482 0.730750
0 0.112494 0.471389 0.014116 0.013630 0.729098
1 0.321071 0.148134 0.012725 0.013810 0.728131
0 0.466880 0.104500 0.009175 0.008196 0.728001
1 0.586277 0.584108 0.016915 0.025054 0.727902
1 0.851466 0.625716 0.039860 0.022361 0.727410
1 0.712587 0.632408 0.026906 0.019315 0.725141
1 0.440695 0.896582 0.011360 0.011036 0.724829
1 0.742418 0.791096 0.046341 0.028736 0.722732
0 0.157906 0.515191 0.007601 0.008137 0.722713
0 0.524670 0.789204 0.013055 0.012016 0.722619
1 0.711440 0.670942 0.013815 0.015090 0.716558
1 0.771160 0.308514 0.021993 0.015371 0.712399
0 0.741754 0.654485 0.005319 0.004956 0.712196
1 0.757407 0.213492 0.019181 0.017812 0.710662
1 0.680485 0.630773 0.024699 0.023564 0.710499
1 0.743472 0.594799 0.015195 0.018647 0.709325
1 0.659834 0.833065 0.013918 0.015622 0.708908
1 0.830975 0.319146 0.014492 0.016321 0.707479
1 0.283857 0.798178 0.041563 0.034347 0.707402
0 0.759250 0.349628 0.015236 0.014000 0.706018
1 0.740821 0.699368 0.030030 0.023865 0.705174
1 0.748151 0.528245 0.021699 0.016685 0.703614
0 0.437665 0.227316 0.016313 0.016610 0.703540
1 0.787776 0.250515 0.023238 0.021828 0.702578
0 0.450713 0.715740 0.013833 0.013713 0.702576
1 0.463762 0.119467 0.019020 0.018676 0.701555
1 0.852826 0.648116 0.029706 0.025086 0.701457
1 0.378090 0.113964 0.032013 0.024200 0.701346
1 0.466779 0.146737 0.032166 0.034895 0.701154
0 0.382808 0.690326 0.013078 0.013605 0.700973
0 0.810488 0.681760 0.010211 0.009034 0.700584
0 0.187312 0.660421 0.008835 0.009048 0.700048
0 0.733548 0.555281 0.005901 0.005516 0.699613
1 0.806898 0.327396 0.030620 0.028664 0.698245
0 0.861095 0.420040 0.013658 0.012702 0.698204
1 0.804723 0.784913 0.020842 0.026434 0.697490
0 0.887630 0.513976 0.009121 0.009088 0.697441
0 0.252604 0.230118 0.015284 0.015762 0.696920
1 0.759973 0.596791 0.022148 0.022045 0.696886
0 0.151297 0.331920 0.014942 0.015264 0.695739
1 0.576115 0.828813 0.028195 0.020510 0.693044
0 0.537575 0.781388 0.013485 0.013000 0.692850
0 0.569255 0.848623 0.013126 0.011890 0.692074
1 0.720884 0.819576 0.018127 0.022761 0.691996
0 0.291502 0.547939 0.013539 0.013556 0.691355
0 0.696001 0.231173 0.014932 0.015889 0.689177
1 0.808077 0.241308 0.019598 0.018092 0.688720
0 0.503433 0.624057 0.016325 0.014364 0.687747
1 0.311760 0.647925 0.029112 0.021439 0.686990
0 0.519934 0.872818 0.011314 0.011611 0.684298
0 0.740288 0.762210 0.006558 0.006977 0.682212
0 0.320866 0.772511 0.014214 0.013465 0.680928
1 0.141417 0.484497 0.037230 0.038238 0.680686
1 0.805850 0.527437 0.039699 0.030590 0.678162
1 0.758587 0.495601 0.023608 0.017422 0.677893
0 0.110359 0.402781 0.015631 0.015135 0.677198
1 0.158960 0.634649 0.014204 0.014608 0.676212
0 0.643318 0.820411 0.012888 0.012374 0.675543
0 0.663965 0.190016 0.007595 0.008179 0.674042
0 0.596725 0.570171 0.008274 0.007251 0.673377
0 0.729814 0.770693 0.007112 0.006626 0.672955
0 0.162094 0.500153 0.013334 0.014236 0.672519
1 0.349285 0.097030 0.022125 0.021668 0.668702
1 0.176071 0.687637 0.017307 0.015494 0.664591
0 0.285495 0.588141 0.007107 0.007441 0.663864
1 0.480313 0.864087 0.024526 0.017033 0.661773
0 0.785213 0.583592 0.011076 0.011170 0.661463
0 0.158998 0.677075 0.014327 0.013691 0.660954
1 0.400120 0.132378 0.029369 0.032406 0.660812
0 0.292792 0.135554 0.017627 0.017908 0.660637
1 0.669941 0.659441 0.016654 0.028098 0.659523
0 0.140752 0.276401 0.019137 0.018976 0.657225
1 0.909351 0.498964 0.034177 0.021178 0.657200
1 0.859784 0.559241 0.011192 0.010032 0.656214
0 0.410691 0.115091 0.013218 0.014017 0.654515
1 0.810154 0.253393 0.015572 0.014977 0.651356
1 0.309961 0.174597 0.018270 0.015327 0.651257
1 0.522680 0.771146 0.014640 0.010695 0.650571
1 0.798506 0.763273 0.011701 0.013654 0.649979
0 0.609549 0.710703 0.013491 0.013808 0.648610
1 0.786496 0.215416 0.038613 0.031699 0.646039
0 0.871964 0.526444 0.011530 0.010839 0.645486
0 0.164451 0.594556 0.009550 0.008857 0.644711
0 0.101063 0.481823 0.015999 0.014956 0.644298
0 0.707908 0.439076 0.009941 0.009917 0.643709
0 0.527532 0.903341 0.008442 0.008060 0.642944
0 0.639209 0.748635 0.010571 0.010865 0.641878
1 0.328693 0.637893 0.014906 0.015663 0.641838
1 0.721697 0.618910 0.013924 0.011571 0.641344
1 0.759317 0.638027 0.018993 0.027437 0.641231
0 0.624001 0.264399 0.016221 0.015998 0.638040
0 0.852605 0.278971 0.009158 0.009053 0.636483
0 0.817418 0.309824 0.015515 0.012619 0.630829
0 0.735332 0.336090 0.005662 0.005627 0.628922
0 0.340541 0.646762 0.011273 0.011746 0.627906
0 0.859743 0.571619 0.008763 0.008664 0.627869
0 0.337814 0.534790 0.013108 0.012356 0.627373
1 0.434072 0.753300 0.013735 0.012230 0.624985
0 0.222450 0.498202 0.009027 0.009633 0.624294
1 0.505037 0.506919 0.017871 0.018086 0.623836
0 0.745697 0.318067 0.006496 0.005237 0.623114
0 0.770699 0.791349 0.006128 0.006521 0.616133
1 0.768883 0.531095 0.020801 0.015735 0.614377
1 0.856607 0.600721 0.022373 0.019552 0.613364
0 0.445094 0.101430 0.010467 0.010694 0.608545
1 0.122940 0.438324 0.024936 0.032780 0.608168
1 0.723703 0.415506 0.013920 0.014407 0.608108
0 0.361561 0.818129 0.015501 0.015368 0.606750
0 0.543031 0.867041 0.005117 0.004845 0.606569
1 0.639699 0.440329 0.011749 0.016473 0.606327
0 0.765803 0.733952 0.012321 0.011892 0.605693
1 0.298966 0.622928 0.032255 0.043452 0.602202
0 0.546838 0.555070 0.013869 0.014370 0.601131
0 0.636988 0.830903 0.012538 0.011811 0.600505
0 0.803454 0.691709 0.011794 0.012423 0.599037
1 0.736405 0.854660 0.016925 0.017128 0.598912
1 0.460057 0.843809 0.018741 0.014841 0.597924
1 0.593960 0.746150 0.023416 0.023310 0.596913
1 0.136857 0.387083 0.035407 0.033762 0.596738
0 0.759796 0.760844 0.006576 0.006771 0.594414
0 0.778570 0.508313 0.007804 0.007633 0.586136
1 0.404419 0.735315 0.021888 0.019066 0.584362
1 0.601367 0.179218 0.017722 0.020501 0.584137
1 0.109538 0.424417 0.017762 0.013757 0.583785
0 0.482119 0.160210 0.013664 0.013067 0.583156
0 0.481574 0.542645 0.017480 0.017220 0.582415
0 0.631182 0.166583 0.012288 0.011475 0.581877
1 0.605095 0.175123 0.016160 0.014460 0.577592
0 0.423351 0.727757 0.007533 0.007862 0.570808
1 0.580757 0.874622 0.014966 0.016078 0.567698
0 0.099785 0.554771 0.017449 0.015189 0.565625
0 0.121857 0.412677 0.014388 0.012803 0.563597
1 0.780509 0.563736 0.013883 0.012397 0.560348
1 0.297495 0.675769 0.024552 0.020369 0.559564
0 0.765087 0.720133 0.008121 0.007254 0.559059
1 0.732789 0.782231 0.022240 0.016343 0.558968
0 0.755693 0.733212 0.007178 0.009307 0.558440
0 0.442858 0.847322 0.013390 0.013094 0.556907
1 0.297153 0.596551 0.013248 0.018487 0.555769
0 0.733261 0.453371 0.007664 0.007912 0.555735
0 0.760980 0.245209 0.012989 0.013543 0.555290
0 0.683739 0.466688 0.007334 0.006806 0.550590
1 0.232376 0.447073 0.014017 0.012144 0.546876
0 0.548740 0.124290 0.013416 0.013645 0.545614
0 0.240102 0.718464 0.012053 0.011156 0.545465
0 0.464260 0.086415 0.016398 0.016715 0.542021
1 0.145289 0.533728 0.023038 0.021894 0.540083
0 0.893798 0.484399 0.007017 0.007906 0.537158
0 0.517729 0.882352 0.007497 0.005800 0.534815
0 0.863080 0.612988 0.010516 0.008188 0.531916
0 0.636960 0.687480 0.012473 0.012254 0.527649
0 0.713121 0.586718 0.011751 0.011613 0.527165
1 0.624154 0.278783 0.012605 0.011352 0.525454
0 0.880012 0.458572 0.013453 0.013163 0.523341
0 0.774102 0.621282 0.011653 0.011570 0.522211
1 0.841135 0.446104 0.012670 0.012529 0.518443
0 0.442685 0.767372 0.012204 0.012386 0.514224
1 0.740852 0.605032 0.024930 0.021869 0.514179
0 0.658579 0.804595 0.006040 0.006586 0.509101
0 0.771288 0.241115 0.006599 0.007223 0.508241
0 0.470539 0.095996 0.010373 0.009334 0.507597
0 0.608057 0.735579 0.009872 0.009944 0.506958
0 0.856986 0.697908 0.008724 0.008916 0.503867
1 0.136406 0.442538 0.012217 0.015735 0.502175
1 0.312623 0.489368 0.017193 0.016155 0.500661
1 0.573288 0.674269 0.014531 0.013429 0.500540
