0 0.418711 0.506867 0.014838 0.014838 0.959050
0 0.378652 0.545847 0.015071 0.015071 0.954559
0 0.417477 0.528701 0.012719 0.012719 0.952751
0 0.262841 0.653620 0.008363 0.008363 0.952428
0 0.441723 0.290428 0.017486 0.017486 0.950303
0 0.713111 0.309898 0.010287 0.010287 0.949873
0 0.631835 0.473885 0.008626 0.008626 0.948619
0 0.472600 0.512729 0.007981 0.007981 0.948427
0 0.758650 0.284193 0.008220 0.008220 0.948161
0 0.416603 0.584840 0.011768 0.011768 0.947192
0 0.454131 0.327662 0.014496 0.014496 0.946803
0 0.671291 0.262990 0.008070 0.008070 0.946528
0 0.302702 0.411081 0.012658 0.012658 0.945957
0 0.301340 0.385188 0.009815 0.009815 0.945915
0 0.394568 0.465602 0.019657 0.019657 0.945198
0 0.284626 0.521559 0.009047 0.009047 0.944593
0 0.326226 0.401530 0.012238 0.012238 0.943227
0 0.417124 0.259610 0.011132 0.011132 0.942764
0 0.297491 0.333316 0.010374 0.010374 0.942203
0 0.256193 0.415762 0.015919 0.015919 0.941846
0 0.483540 0.412550 0.013116 0.013116 0.941830
0 0.255622 0.452009 0.013236 0.013236 0.941251
0 0.628435 0.422116 0.009336 0.009336 0.941207
0 0.627184 0.350481 0.007506 0.007506 0.941039
1 0.509327 0.782100 0.017574 0.019325 0.940730
0 0.635840 0.244936 0.014039 0.014039 0.940621
0 0.547876 0.309654 0.010063 0.010063 0.940529
0 0.195769 0.769337 0.013996 0.013996 0.940509
0 0.432417 0.912628 0.012269 0.012269 0.940453
0 0.643190 0.780617 0.006962 0.006962 0.940445
0 0.557000 0.195096 0.008260 0.008260 0.940444
0 0.549508 0.626923 0.011475 0.011475 0.940375
0 0.464952 0.393273 0.012424 0.012424 0.940368
0 0.288252 0.702155 0.013043 0.013043 0.940114
0 0.338621 0.465145 0.010521 0.010521 0.939972
0 0.601191 0.247720 0.008270 0.008270 0.939944
0 0.697387 0.148536 0.010888 0.010888 0.939705
0 0.551834 0.181867 0.010788 0.010788 0.939642
0 0.691549 0.339349 0.009414 0.009414 0.939484
0 0.671207 0.296705 0.009253 0.009253 0.939335
0 0.520365 0.474097 0.018850 0.018850 0.939142
0 0.596012 0.639941 0.007770 0.007770 0.938852
0 0.667096 0.349555 0.017073 0.017073 0.938580
0 0.587426 0.233454 0.009408 0.009408 0.938360
0 0.362124 0.571157 0.009329 0.009329 0.938123
0 0.613949 0.482881 0.010349 0.010349 0.937979
0 0.831016 0.347394 0.012375 0.012375 0.937860
0 0.555021 0.477089 0.017663 0.017663 0.937851
0 0.254438 0.726700 0.008939 0.008939 0.937778
1 0.525916 0.612053 0.033068 0.026027 0.937413
0 0.527016 0.726982 0.007012 0.007012 0.937160
0 0.306720 0.544198 0.009417 0.009417 0.936942
0 0.629738 0.494346 0.005975 0.005975 0.936568
0 0.402691 0.573928 0.013184 0.013184 0.936527
0 0.219051 0.513357 0.009425 0.009425 0.936370
0 0.434738 0.653953 0.009390 0.009390 0.936202
0 0.193371 0.570035 0.009151 0.009151 0.936179
0 0.503050 0.678140 0.006903 0.006903 0.935988
0 0.464987 0.629282 0.014422 0.014422 0.935741
0 0.645891 0.523039 0.008918 0.008918 0.935606
0 0.504122 0.584521 0.009320 0.009320 0.935553
0 0.370963 0.405697 0.019884 0.019884 0.935465
0 0.539913 0.169928 0.007059 0.007059 0.935226
0 0.250661 0.592559 0.008711 0.008711 0.934946
0 0.394056 0.656240 0.007860 0.007860 0.934914
0 0.484674 0.598258 0.016956 0.016956 0.934851
0 0.309134 0.241770 0.015645 0.015645 0.934850
0 0.459210 0.411420 0.013928 0.013928 0.934796
0 0.765031 0.720338 0.007193 0.007193 0.934695
0 0.634561 0.538796 0.008653 0.008653 0.934655
0 0.294480 0.355622 0.018254 0.018254 0.934426
0 0.522613 0.359877 0.011644 0.011644 0.934419
0 0.383196 0.585596 0.010570 0.010570 0.934190
0 0.206264 0.626210 0.009689 0.009689 0.933786
1 0.182271 0.213464 0.026668 0.029154 0.933758
0 0.508430 0.276782 0.017361 0.017361 0.933650
0 0.388989 0.529113 0.016219 0.016219 0.933644
0 0.264633 0.345677 0.009583 0.009583 0.933603
0 0.533766 0.215025 0.015582 0.015582 0.933440
0 0.607597 0.429452 0.009648 0.009648 0.933406
1 0.442321 0.689363 0.028522 0.030101 0.933345
0 0.594103 0.452015 0.011679 0.011679 0.933002
0 0.527247 0.295188 0.006571 0.006571 0.932963
0 0.281374 0.720658 0.013823 0.013823 0.932958
0 0.584392 0.513441 0.008709 0.008709 0.932778
0 0.652113 0.756105 0.008257 0.008257 0.932774
0 0.454727 0.568449 0.009939 0.009939 0.932719
0 0.580658 0.413291 0.010471 0.010471 0.932688
0 0.235946 0.644634 0.013400 0.013400 0.932679
0 0.706108 0.494742 0.007449 0.007449 0.932670
0 0.623283 0.625082 0.007010 0.007010 0.932590
0 0.470882 0.676617 0.008676 0.008676 0.932369
0 0.619396 0.229223 0.015363 0.015363 0.932137
0 0.222608 0.498398 0.008946 0.008946 0.932093
0 0.420360 0.697379 0.009821 0.009821 0.932048
0 0.081449 0.463035 0.011308 0.011308 0.932027
0 0.250362 0.798907 0.008524 0.008524 0.931915
0 0.284071 0.430953 0.010100 0.010100 0.931815
0 0.562163 0.657578 0.008834 0.008834 0.931735
0 0.861125 0.517734 0.007625 0.007625 0.931733
0 0.540173 0.851565 0.006586 0.006586 0.931389
0 0.557204 0.221415 0.015685 0.015685 0.931257
0 0.224423 0.429358 0.008746 0.008746 0.931064
0 0.113107 0.680195 0.013002 0.013002 0.931030
0 0.357524 0.207103 0.016722 0.016722 0.930992
0 0.309057 0.297087 0.012756 0.012756 0.930968
0 0.683762 0.425339 0.015204 0.015204 0.930964
0 0.323448 0.609195 0.009021 0.009021 0.930860
0 0.524822 0.577929 0.008735 0.008735 0.930835
0 0.185252 0.554115 0.015839 0.015839 0.930807
0 0.596758 0.570597 0.007027 0.007027 0.930750
0 0.460441 0.452071 0.018806 0.018806 0.930652
0 0.702120 0.477440 0.005740 0.005740 0.930347
0 0.825316 0.796980 0.010947 0.010947 0.930242
0 0.181270 0.586243 0.009612 0.009612 0.930124
0 0.575965 0.178379 0.008219 0.008219 0.930122
0 0.564841 0.493991 0.010685 0.010685 0.930119
0 0.360898 0.536264 0.009008 0.009008 0.930091
0 0.591288 0.624277 0.008709 0.008709 0.930090
0 0.366980 0.854174 0.010240 0.010240 0.929837
0 0.201142 0.384106 0.009431 0.009431 0.929809
0 0.430884 0.839420 0.008298 0.008298 0.929695
0 0.543164 0.532576 0.012119 0.012119 0.929660
0 0.239702 0.275373 0.008824 0.008824 0.929555
0 0.530484 0.701490 0.006649 0.006649 0.929488
0 0.427535 0.278034 0.017590 0.017590 0.929394
0 0.414351 0.176812 0.014279 0.014279 0.929212
0 0.477169 0.577839 0.016798 0.016798 0.929143
0 0.280544 0.228340 0.013841 0.013841 0.928994
0 0.448589 0.791176 0.007564 0.007564 0.928952
0 0.737922 0.254432 0.009696 0.009696 0.928941
0 0.338447 0.204993 0.014400 0.014400 0.928824
0 0.670228 0.604171 0.006212 0.006212 0.928672
0 0.461937 0.479481 0.017889 0.017889 0.928668
0 0.523564 0.689590 0.007097 0.007097 0.928571
0 0.837604 0.459820 0.005297 0.005297 0.928458
0 0.139176 0.510606 0.008297 0.008297 0.928414
0 0.279912 0.480184 0.010472 0.010472 0.928105
0 0.180452 0.757032 0.016668 0.016668 0.927830
0 0.438252 0.784698 0.008052 0.008052 0.927807
0 0.490072 0.736482 0.010287 0.010287 0.927692
1 0.743003 0.834798 0.016784 0.022430 0.927532
0 0.520485 0.139380 0.014444 0.014444 0.927504
0 0.530011 0.418224 0.016071 0.016071 0.927329
0 0.357825 0.514824 0.016210 0.016210 0.927251
0 0.293165 0.258962 0.009440 0.009440 0.927214
0 0.726251 0.276346 0.007538 0.007538 0.927207
0 0.346044 0.889339 0.011636 0.011636 0.927097
0 0.436280 0.448879 0.019570 0.019570 0.926860
0 0.437480 0.227685 0.016689 0.016689 0.926847
0 0.554042 0.569727 0.008317 0.008317 0.926654
0 0.267650 0.433898 0.006769 0.006769 0.926638
1 0.232336 0.605261 0.020412 0.019619 0.926626
0 0.549143 0.353710 0.015104 0.015104 0.926551
0 0.735252 0.813690 0.006568 0.006568 0.926425
0 0.734433 0.139655 0.010658 0.010658 0.926322
0 0.735646 0.571823 0.007698 0.007698 0.926216
0 0.571317 0.769519 0.011728 0.011728 0.926174
1 0.351593 0.680514 0.020361 0.014001 0.926159
0 0.516659 0.531083 0.011798 0.011798 0.926053
0 0.276545 0.311005 0.009388 0.009388 0.925654
1 0.758866 0.638314 0.018965 0.026666 0.925394
0 0.220632 0.294189 0.008430 0.008430 0.925133
0 0.617900 0.764399 0.006699 0.006699 0.925098
0 0.517850 0.513125 0.010252 0.010252 0.925001
0 0.618571 0.516049 0.014287 0.014287 0.924908
0 0.523204 0.180668 0.011459 0.011459 0.924869
1 0.398434 0.676844 0.018192 0.015223 0.924836
0 0.524826 0.503261 0.007907 0.007907 0.924649
0 0.377347 0.279514 0.012562 0.012562 0.924512
0 0.881430 0.309826 0.010087 0.010087 0.924457
0 0.711317 0.276136 0.014446 0.014446 0.924439
0 0.608174 0.503325 0.014999 0.014999 0.924168
0 0.812254 0.560963 0.006564 0.006564 0.924099
0 0.215827 0.683149 0.012221 0.012221 0.924090
0 0.759826 0.456453 0.006063 0.006063 0.924057
0 0.396779 0.701307 0.006724 0.006724 0.924050
0 0.219584 0.701368 0.008455 0.008455 0.923955
1 0.331229 0.318583 0.021127 0.016479 0.923928
0 0.269990 0.500707 0.009654 0.009654 0.923878
0 0.256671 0.626845 0.012106 0.012106 0.923865
0 0.614047 0.438920 0.009448 0.009448 0.923824
0 0.512012 0.726476 0.014151 0.014151 0.923815
0 0.848478 0.524880 0.006245 0.006245 0.923718
0 0.169517 0.442935 0.010002 0.010002 0.923670
0 0.470063 0.825559 0.007229 0.007229 0.923510
0 0.419652 0.668966 0.010103 0.010103 0.923434
0 0.501136 0.599523 0.008500 0.008500 0.923372
0 0.139295 0.613291 0.014479 0.014479 0.923249
0 0.416055 0.849834 0.010457 0.010457 0.923240
0 0.440465 0.318957 0.019875 0.019875 0.923048
0 0.566192 0.322592 0.013071 0.013071 0.923033
0 0.678025 0.518413 0.014086 0.014086 0.922968
0 0.404418 0.711296 0.007631 0.007631 0.922886
0 0.624048 0.217138 0.006227 0.006227 0.922779
0 0.236630 0.660761 0.014082 0.014082 0.922752
0 0.223101 0.591169 0.007609 0.007609 0.922751
0 0.748114 0.432772 0.014185 0.014185 0.922740
0 0.517191 0.208006 0.015913 0.015913 0.922736
0 0.803579 0.568414 0.006846 0.006846 0.922406
0 0.570202 0.299297 0.019563 0.019563 0.922400
0 0.609783 0.579414 0.005985 0.005985 0.922380
1 0.519848 0.891251 0.020589 0.018322 0.922379
0 0.191745 0.453405 0.006489 0.006489 0.922261
0 0.798688 0.393323 0.013048 0.013048 0.922135
1 0.732317 0.352710 0.017076 0.013780 0.922067
0 0.737174 0.423013 0.007184 0.007184 0.922032
1 0.480186 0.706643 0.020383 0.023934 0.921980
0 0.579502 0.526689 0.014635 0.014635 0.921937
0 0.368574 0.290245 0.012691 0.012691 0.921895
0 0.569049 0.617802 0.012766 0.012766 0.921863
0 0.350938 0.752239 0.014643 0.014643 0.921765
0 0.755277 0.717135 0.008084 0.008084 0.921730
0 0.271643 0.237248 0.008730 0.008730 0.921683
0 0.631274 0.602803 0.015728 0.015728 0.921510
1 0.655625 0.480012 0.026954 0.030942 0.921409
0 0.727238 0.365936 0.007131 0.007131 0.921339
0 0.245927 0.360829 0.015826 0.015826 0.921316
0 0.521681 0.193129 0.009444 0.009444 0.921242
0 0.425250 0.718311 0.007587 0.007587 0.921151
0 0.830247 0.429529 0.008187 0.008187 0.921023
0 0.319723 0.703314 0.012386 0.012386 0.921012
0 0.883999 0.374900 0.015559 0.015559 0.920978
0 0.659589 0.613376 0.011759 0.011759 0.920893
0 0.278390 0.491770 0.010259 0.010259 0.920812
0 0.520185 0.752779 0.006978 0.006978 0.920812
0 0.194032 0.615765 0.011666 0.011666 0.920744
0 0.778584 0.509095 0.008395 0.008395 0.920576
0 0.315167 0.788027 0.014347 0.014347 0.920496
0 0.479351 0.203633 0.016736 0.016736 0.920461
0 0.551473 0.593626 0.014960 0.014960 0.920361
0 0.334032 0.733307 0.007286 0.007286 0.920012
0 0.437383 0.636194 0.014290 0.014290 0.919937
0 0.283413 0.561379 0.007325 0.007325 0.919929
0 0.707650 0.439572 0.009163 0.009163 0.919833
0 0.268586 0.385970 0.016124 0.016124 0.919796
0 0.479441 0.221131 0.017289 0.017289 0.919626
0 0.815858 0.511520 0.004965 0.004965 0.919480
0 0.174918 0.707962 0.007454 0.007454 0.919463
0 0.556057 0.133369 0.009929 0.009929 0.919316
1 0.531200 0.072358 0.026190 0.034537 0.919288
0 0.777440 0.791660 0.008226 0.008226 0.919115
0 0.440564 0.405707 0.014077 0.014077 0.919078
0 0.518017 0.882800 0.006528 0.006528 0.918909
0 0.743483 0.505054 0.005598 0.005598 0.918242
0 0.713315 0.423525 0.008905 0.008905 0.918140
0 0.818176 0.455389 0.005700 0.005700 0.918079
0 0.443380 0.815699 0.013769 0.013769 0.917930
0 0.699034 0.532428 0.007006 0.007006 0.917775
0 0.170925 0.425242 0.006690 0.006690 0.917775
0 0.199815 0.482108 0.015723 0.015723 0.917739
0 0.693315 0.748754 0.006655 0.006655 0.917547
0 0.564394 0.458033 0.016985 0.016985 0.917543
1 0.533556 0.119025 0.018383 0.021226 0.917463
0 0.416112 0.720192 0.007518 0.007518 0.917422
0 0.447770 0.627622 0.009933 0.009933 0.917283
0 0.236989 0.297551 0.006592 0.006592 0.917123
0 0.383784 0.661305 0.008004 0.008004 0.916981
0 0.623413 0.642876 0.005761 0.005761 0.916798
0 0.876674 0.708814 0.011579 0.011579 0.916660
0 0.176018 0.649998 0.008641 0.008641 0.916656
0 0.693480 0.589504 0.005794 0.005794 0.916599
0 0.181245 0.471061 0.014240 0.014240 0.916441
0 0.214427 0.747610 0.009407 0.009407 0.916023
0 0.462784 0.652507 0.006407 0.006407 0.916017
0 0.244971 0.313014 0.008407 0.008407 0.916014
0 0.401139 0.615398 0.009310 0.009310 0.915775
1 0.723222 0.461808 0.018371 0.020547 0.915669
0 0.265039 0.310972 0.014158 0.014158 0.915576
1 0.295485 0.783234 0.016523 0.015452 0.915529
0 0.590122 0.658866 0.013885 0.013885 0.915473
0 0.476878 0.087017 0.008786 0.008786 0.915458
0 0.718636 0.851453 0.008320 0.008320 0.915396
0 0.673833 0.181946 0.013046 0.013046 0.915306
0 0.931601 0.443490 0.016635 0.016635 0.915272
0 0.591391 0.108138 0.009335 0.009335 0.915009
0 0.897819 0.377732 0.007253 0.007253 0.914975
1 0.653780 0.453403 0.015137 0.015834 0.914925
0 0.734866 0.336238 0.005032 0.005032 0.914865
0 0.453868 0.644070 0.014622 0.014622 0.914753
0 0.719156 0.560864 0.010205 0.010205 0.914646
1 0.777107 0.341100 0.020162 0.020965 0.914635
0 0.870056 0.660322 0.007277 0.007277 0.914589
0 0.619991 0.684757 0.007952 0.007952 0.914548
0 0.541274 0.425585 0.011040 0.011040 0.914544
0 0.183122 0.612267 0.007539 0.007539 0.914490
0 0.340655 0.628450 0.007987 0.007987 0.914433
0 0.679617 0.600655 0.005058 0.005058 0.914412
0 0.670135 0.243178 0.016394 0.016394 0.914384
1 0.868950 0.688405 0.017193 0.019973 0.914301
1 0.678235 0.740979 0.021121 0.015337 0.914037
0 0.925442 0.411625 0.016844 0.016844 0.913994
0 0.930227 0.535640 0.016259 0.016259 0.913904
1 0.586122 0.274351 0.022015 0.020727 0.913832
0 0.401280 0.168773 0.010305 0.010305 0.913735
0 0.566302 0.639100 0.014512 0.014512 0.913445
0 0.341016 0.331704 0.010411 0.010411 0.913267
0 0.841456 0.550588 0.011875 0.011875 0.913103
0 0.393415 0.787908 0.007997 0.007997 0.912986
1 0.541825 0.669259 0.020160 0.014729 0.912871
0 0.759081 0.619405 0.005270 0.005270 0.912585
0 0.704105 0.467031 0.006718 0.006718 0.912554
0 0.828114 0.249553 0.007344 0.007344 0.912546
0 0.501001 0.649607 0.015561 0.015561 0.912491
1 0.145406 0.532870 0.022890 0.021355 0.912329
0 0.713555 0.391432 0.009832 0.009832 0.912291
0 0.842808 0.500340 0.009367 0.009367 0.912204
0 0.332013 0.168357 0.015048 0.015048 0.912199
1 0.209334 0.273035 0.023550 0.020251 0.912070
0 0.618940 0.553330 0.009268 0.009268 0.912061
0 0.741586 0.654809 0.005189 0.005189 0.912058
1 0.427467 0.096871 0.023315 0.024021 0.912044
1 0.384477 0.244028 0.019037 0.019623 0.912044
0 0.887647 0.514066 0.008336 0.008336 0.912015
0 0.186269 0.731970 0.005591 0.005591 0.912008
0 0.869665 0.492562 0.007128 0.007128 0.911907
0 0.707306 0.177822 0.009761 0.009761 0.911695
0 0.679165 0.770625 0.013597 0.013597 0.911639
0 0.307245 0.262944 0.016843 0.016843 0.911623
0 0.538389 0.547410 0.009477 0.009477 0.911623
0 0.688521 0.133287 0.010516 0.010516 0.911601
1 0.604221 0.590503 0.019814 0.019528 0.911601
0 0.323160 0.187137 0.009506 0.009506 0.911592
0 0.396157 0.754077 0.011370 0.011370 0.911257
0 0.612553 0.802935 0.005498 0.005498 0.911241
1 0.810618 0.467145 0.014890 0.017204 0.911155
0 0.251941 0.294874 0.015530 0.015530 0.911151
0 0.830030 0.724759 0.006495 0.006495 0.910951
0 0.542318 0.733277 0.005533 0.005533 0.910935
1 0.845299 0.245325 0.022801 0.021571 0.910886
0 0.101133 0.482051 0.016194 0.016194 0.910810
0 0.232418 0.319917 0.007245 0.007245 0.910767
0 0.798218 0.484114 0.005626 0.005626 0.910756
0 0.421098 0.764789 0.005949 0.005949 0.910640
0 0.489508 0.779654 0.010792 0.010792 0.910535
1 0.106727 0.576985 0.035036 0.041776 0.910517
0 0.550377 0.798617 0.006629 0.006629 0.910504
0 0.332968 0.195141 0.009245 0.009245 0.910339
0 0.683324 0.285312 0.018244 0.018244 0.910004
0 0.748811 0.397991 0.005376 0.005376 0.909455
0 0.343785 0.819997 0.007976 0.007976 0.909397
0 0.385444 0.203456 0.010451 0.010451 0.909302
0 0.183989 0.722120 0.008813 0.008813 0.909125
0 0.602492 0.674556 0.011938 0.011938 0.909118
0 0.733493 0.453364 0.007206 0.007206 0.908748
0 0.539225 0.859671 0.006277 0.006277 0.908701
0 0.241778 0.750595 0.007022 0.007022 0.908634
0 0.759755 0.761305 0.006378 0.006378 0.908432
0 0.075000 0.513533 0.011537 0.011537 0.908298
0 0.691500 0.113166 0.019991 0.019991 0.907627
0 0.537664 0.781858 0.012698 0.012698 0.907623
1 0.326715 0.551913 0.016830 0.025924 0.907602
0 0.516928 0.848816 0.006070 0.006070 0.907460
0 0.358006 0.830282 0.008771 0.008771 0.907400
0 0.878027 0.420895 0.010849 0.010849 0.907357
0 0.447989 0.128315 0.013721 0.013721 0.907310
1 0.372955 0.639975 0.015178 0.016799 0.907253
0 0.799055 0.542919 0.007454 0.007454 0.907148
0 0.190824 0.304038 0.008127 0.008127 0.907072
0 0.444935 0.101490 0.009520 0.009520 0.906606
1 0.727699 0.645157 0.015755 0.015733 0.906463
0 0.235975 0.519335 0.009438 0.009438 0.906451
0 0.652858 0.620801 0.006299 0.006299 0.906389
0 0.376409 0.610770 0.013023 0.013023 0.906295
0 0.770927 0.454182 0.013084 0.013084 0.906288
1 0.445530 0.609652 0.021441 0.017564 0.906100
0 0.210277 0.596066 0.014563 0.014563 0.905964
0 0.480066 0.530013 0.008486 0.008486 0.905897
0 0.428743 0.778284 0.013395 0.013395 0.905823
0 0.719336 0.380384 0.015137 0.015137 0.905681
0 0.158138 0.515488 0.008032 0.008032 0.905659
0 0.505130 0.122505 0.014084 0.014084 0.905328
0 0.175841 0.313858 0.006821 0.006821 0.905287
0 0.711481 0.597183 0.008396 0.008396 0.905215
0 0.149208 0.621920 0.008942 0.008942 0.905099
1 0.756576 0.174034 0.030728 0.019340 0.904921
0 0.164472 0.595181 0.008740 0.008740 0.904836
0 0.507878 0.162513 0.014777 0.014777 0.904769
0 0.358360 0.692968 0.007369 0.007369 0.904767
0 0.823756 0.377422 0.013216 0.013216 0.904759
1 0.269328 0.589301 0.022066 0.015233 0.904703
0 0.340727 0.646958 0.011757 0.011757 0.904681
0 0.322633 0.525457 0.010013 0.010013 0.904642
1 0.207516 0.410394 0.022157 0.016266 0.904468
1 0.356845 0.328858 0.020735 0.027353 0.904453
0 0.915697 0.360435 0.018610 0.018610 0.904328
0 0.720906 0.724862 0.007153 0.007153 0.904271
0 0.280277 0.687631 0.005997 0.005997 0.904137
0 0.193388 0.267683 0.010452 0.010452 0.904099
0 0.768149 0.826117 0.016677 0.016677 0.904098
0 0.403045 0.854681 0.014697 0.014697 0.904050
0 0.205837 0.821993 0.011463 0.011463 0.904012
0 0.774301 0.612186 0.005225 0.005225 0.904010
0 0.639742 0.713662 0.012123 0.012123 0.904008
1 0.141159 0.560668 0.024078 0.033999 0.903981
0 0.715821 0.774103 0.005900 0.005900 0.903978
0 0.600641 0.108621 0.008987 0.008987 0.903892
0 0.459064 0.859226 0.012813 0.012813 0.903823
0 0.349314 0.833453 0.008782 0.008782 0.903648
0 0.260625 0.777995 0.007600 0.007600 0.903640
0 0.552546 0.724593 0.011022 0.011022 0.903639
1 0.781701 0.387209 0.021940 0.022871 0.903593
1 0.695914 0.231182 0.014818 0.015824 0.903466
0 0.354836 0.655749 0.011432 0.011432 0.903417
1 0.234807 0.383435 0.026104 0.022159 0.903308
1 0.836551 0.570834 0.019299 0.013406 0.903275
0 0.428040 0.796032 0.014286 0.014286 0.903170
0 0.567114 0.267401 0.010416 0.010416 0.903048
0 0.898534 0.687275 0.006412 0.006412 0.903015
0 0.228019 0.272977 0.013607 0.013607 0.902991
0 0.497136 0.171499 0.006389 0.006389 0.902965
0 0.181759 0.382658 0.008215 0.008215 0.902964
1 0.269091 0.366753 0.019232 0.021832 0.902902
0 0.857000 0.698582 0.008434 0.008434 0.902867
0 0.097415 0.386967 0.016482 0.016482 0.902860
0 0.163301 0.605702 0.009998 0.009998 0.902854
0 0.611461 0.756416 0.006596 0.006596 0.902566
1 0.397198 0.434140 0.017311 0.015607 0.902464
0 0.253457 0.706500 0.013066 0.013066 0.902408
1 0.760578 0.805913 0.018799 0.020086 0.902377
1 0.385303 0.764361 0.021798 0.017770 0.902106
0 0.232803 0.835190 0.013869 0.013869 0.902053
1 0.285346 0.534487 0.019434 0.015890 0.901830
0 0.849789 0.440163 0.007194 0.007194 0.901626
1 0.853765 0.485046 0.014288 0.017891 0.901611
1 0.336992 0.593354 0.015274 0.017990 0.901428
1 0.787018 0.248096 0.024829 0.027071 0.901417
1 0.703154 0.568878 0.019638 0.014559 0.901222
0 0.675224 0.200111 0.014535 0.014535 0.901190
1 0.775546 0.695086 0.017318 0.013897 0.901078
1 0.750716 0.752036 0.016169 0.017883 0.900975
0 0.766120 0.734302 0.011904 0.011904 0.900887
1 0.174247 0.668650 0.020353 0.016777 0.900719
0 0.721341 0.532169 0.006767 0.006767 0.900699
1 0.728377 0.681200 0.015592 0.012177 0.900681
0 0.670775 0.388952 0.016446 0.016446 0.900520
1 0.235363 0.227674 0.022733 0.028221 0.900497
0 0.774450 0.621596 0.011599 0.011599 0.900469
0 0.668867 0.778749 0.005032 0.005032 0.900452
1 0.421497 0.886169 0.017267 0.015309 0.900402
0 0.717157 0.493816 0.007950 0.007950 0.900312
1 0.265014 0.535708 0.020434 0.016840 0.900251
0 0.578845 0.560551 0.015321 0.015321 0.900224
0 0.501579 0.295012 0.019440 0.019440 0.900147
0 0.572705 0.111857 0.006777 0.006777 0.900044
1 0.384195 0.870336 0.022659 0.017004 0.899987
1 0.404826 0.737012 0.020273 0.016274 0.899895
1 0.796171 0.763687 0.006876 0.013774 0.899750
0 0.197925 0.677780 0.012537 0.012537 0.899701
1 0.271038 0.262510 0.017981 0.019811 0.899521
1 0.381393 0.816535 0.015756 0.018488 0.899329
1 0.232514 0.475866 0.019242 0.023992 0.899304
0 0.160805 0.585095 0.009902 0.009902 0.899186
1 0.577802 0.209670 0.020191 0.014382 0.899144
0 0.322127 0.742421 0.014328 0.014328 0.899123
0 0.140785 0.277200 0.018938 0.018938 0.899103
0 0.302564 0.876398 0.012204 0.012204 0.899096
1 0.740772 0.226144 0.011946 0.011340 0.898929
0 0.524639 0.789642 0.013270 0.013270 0.898877
1 0.494805 0.764037 0.019182 0.021740 0.898819
0 0.168421 0.698128 0.008268 0.008268 0.898633
0 0.187333 0.660184 0.009623 0.009623 0.898565
1 0.104625 0.456557 0.020533 0.016996 0.898349
1 0.605634 0.879281 0.022256 0.024596 0.898274
0 0.852415 0.278892 0.008268 0.008268 0.898270
0 0.636637 0.831338 0.012426 0.012426 0.898264
0 0.721708 0.581439 0.007806 0.007806 0.898121
1 0.255917 0.207541 0.019355 0.016256 0.898120
0 0.521112 0.762300 0.006676 0.006676 0.898108
0 0.834854 0.481847 0.006275 0.006275 0.897996
0 0.554269 0.822291 0.006827 0.006827 0.897996
1 0.141153 0.484737 0.037495 0.038940 0.897918
1 0.249309 0.820185 0.036845 0.028748 0.897872
0 0.101757 0.437230 0.015919 0.015919 0.897825
1 0.490455 0.147114 0.017407 0.014950 0.897784
1 0.886564 0.536950 0.015882 0.021731 0.897698
0 0.558953 0.559620 0.012124 0.012124 0.897640
1 0.686641 0.655020 0.023241 0.021599 0.897627
0 0.719355 0.738183 0.012831 0.012831 0.897538
0 0.740478 0.763271 0.006098 0.006098 0.897453
0 0.582569 0.091299 0.016337 0.016337 0.897430
1 0.728035 0.479635 0.018727 0.019105 0.897412
1 0.399541 0.195084 0.022685 0.022025 0.897373
0 0.307175 0.594872 0.008105 0.008105 0.897363
1 0.126792 0.653409 0.020536 0.019481 0.897323
1 0.503628 0.880936 0.015703 0.021762 0.897297
0 0.784500 0.297106 0.006335 0.006335 0.897286
0 0.590843 0.174061 0.008805 0.008805 0.897252
1 0.704268 0.816929 0.018414 0.022911 0.897094
0 0.619415 0.838974 0.012340 0.012340 0.896940
0 0.225691 0.786440 0.006289 0.006289 0.896926
0 0.589628 0.783291 0.012149 0.012149 0.896796
0 0.536274 0.443427 0.018339 0.018339 0.896762
0 0.547573 0.876145 0.007695 0.007695 0.896761
0 0.481592 0.542656 0.017391 0.017391 0.896504
0 0.812663 0.355855 0.005971 0.005971 0.896403
0 0.624193 0.877605 0.013526 0.013526 0.896073
1 0.759474 0.411424 0.015739 0.019227 0.896021
0 0.619579 0.166636 0.010245 0.010245 0.895963
1 0.095726 0.506621 0.027259 0.028449 0.895823
1 0.702157 0.715567 0.019948 0.013440 0.895689
1 0.585758 0.585437 0.015826 0.022492 0.895591
0 0.819245 0.684769 0.006396 0.006396 0.895539
1 0.342238 0.700850 0.019665 0.022672 0.895535
0 0.589568 0.773506 0.006591 0.006591 0.895384
0 0.809495 0.346139 0.013070 0.013070 0.895379
1 0.792648 0.522352 0.013922 0.019049 0.895358
0 0.217615 0.712099 0.010218 0.010218 0.895314
0 0.891007 0.620463 0.007698 0.007698 0.895302
0 0.920593 0.546326 0.007754 0.007754 0.895197
1 0.781859 0.274844 0.016260 0.013709 0.895195
0 0.280567 0.653495 0.011447 0.011447 0.895175
0 0.546374 0.788236 0.006485 0.006485 0.895169
0 0.824036 0.241663 0.009000 0.009000 0.895168
0 0.602215 0.651126 0.013256 0.013256 0.895127
0 0.777355 0.680624 0.006511 0.006511 0.895088
1 0.693515 0.385514 0.021638 0.018172 0.894771
0 0.125112 0.728280 0.006360 0.006360 0.894576
0 0.646829 0.433566 0.009372 0.009372 0.894522
1 0.209120 0.435604 0.017085 0.025397 0.894489
0 0.334863 0.304702 0.010469 0.010469 0.894392
0 0.710595 0.699701 0.011245 0.011245 0.894351
0 0.801075 0.654392 0.011756 0.011756 0.894279
0 0.876032 0.440417 0.009194 0.009194 0.894273
1 0.680225 0.456009 0.021379 0.019509 0.894150
0 0.423111 0.727955 0.006445 0.006445 0.894096
0 0.267160 0.228309 0.005934 0.005934 0.893992
1 0.715168 0.689401 0.012705 0.011838 0.893931
0 0.786867 0.594309 0.005550 0.005550 0.893881
1 0.675879 0.571319 0.020106 0.024566 0.893871
0 0.590469 0.904582 0.010343 0.010343 0.893866
1 0.848559 0.465840 0.016017 0.020396 0.893846
0 0.284987 0.588330 0.006569 0.006569 0.893790
0 0.134055 0.588302 0.015252 0.015252 0.893671
0 0.123627 0.491163 0.008481 0.008481 0.893616
0 0.785987 0.312961 0.011467 0.011467 0.893607
0 0.751696 0.510564 0.006225 0.006225 0.893565
0 0.631194 0.166996 0.011149 0.011149 0.893537
0 0.866940 0.434936 0.006031 0.006031 0.893479
1 0.524106 0.655963 0.013713 0.016901 0.893470
0 0.153062 0.593692 0.013019 0.013019 0.893286
1 0.747253 0.306882 0.021457 0.017871 0.893241
1 0.623722 0.279061 0.011616 0.010992 0.892669
1 0.856983 0.714466 0.020980 0.016391 0.892590
0 0.465800 0.707026 0.011783 0.011783 0.892558
1 0.519742 0.387075 0.018688 0.027468 0.892443
1 0.382245 0.159488 0.027179 0.023639 0.892434
1 0.460089 0.844438 0.019842 0.014288 0.892357
0 0.893047 0.418926 0.008224 0.008224 0.892272
1 0.441171 0.156146 0.019174 0.019357 0.892261
0 0.446024 0.734126 0.011311 0.011311 0.892138
1 0.598466 0.795315 0.017377 0.012885 0.892073
0 0.174481 0.514903 0.015387 0.015387 0.892068
0 0.743668 0.729060 0.012336 0.012336 0.891995
1 0.726434 0.541666 0.015110 0.015693 0.891688
0 0.185033 0.351991 0.013040 0.013040 0.891580
1 0.391377 0.895041 0.036802 0.023676 0.891550
0 0.654381 0.903839 0.015951 0.015951 0.891445
0 0.873278 0.505394 0.012452 0.012452 0.891396
0 0.682685 0.169533 0.015959 0.015959 0.891367
1 0.411662 0.148643 0.020417 0.015475 0.891250
1 0.468711 0.142532 0.029229 0.041969 0.891237
1 0.792091 0.634655 0.018758 0.016821 0.891236
0 0.655621 0.843638 0.008928 0.008928 0.891124
0 0.306754 0.575462 0.013090 0.013090 0.890919
0 0.749019 0.775653 0.012537 0.012537 0.890868
0 0.556138 0.894372 0.008443 0.008443 0.890845
0 0.524272 0.441966 0.006882 0.006882 0.890576
0 0.319357 0.729152 0.013624 0.013624 0.890417
0 0.557794 0.712749 0.005028 0.005028 0.890336
0 0.764662 0.381060 0.004868 0.004868 0.890162
0 0.643832 0.572455 0.011626 0.011626 0.889965
1 0.435853 0.860994 0.021809 0.025359 0.889913
1 0.227269 0.738180 0.019326 0.021884 0.889748
0 0.497152 0.528425 0.017229 0.017229 0.889735
1 0.704714 0.838231 0.022266 0.018661 0.889551
1 0.906613 0.599916 0.018218 0.019363 0.889442
1 0.646827 0.876693 0.024118 0.030154 0.889125
0 0.763808 0.674787 0.011826 0.011826 0.889097
1 0.858117 0.359097 0.024044 0.016577 0.888888
0 0.753432 0.573551 0.011229 0.011229 0.888825
1 0.806517 0.241051 0.021257 0.017518 0.888816
0 0.828943 0.689586 0.006095 0.006095 0.888679
1 0.288693 0.574104 0.021832 0.013833 0.888445
0 0.504369 0.636240 0.012321 0.012321 0.888398
0 0.770675 0.702222 0.006143 0.006143 0.888309
0 0.420866 0.677297 0.006435 0.006435 0.888196
0 0.745752 0.318201 0.006264 0.006264 0.888124
1 0.672189 0.695335 0.013922 0.017064 0.887956
0 0.690274 0.561577 0.007974 0.007974 0.887823
0 0.558992 0.784319 0.013593 0.013593 0.887812
0 0.785665 0.487316 0.013174 0.013174 0.887664
0 0.666558 0.854141 0.011021 0.011021 0.887497
0 0.716839 0.657181 0.006735 0.006735 0.887460
0 0.323275 0.594190 0.012053 0.012053 0.887427
1 0.551940 0.766771 0.014873 0.013001 0.887416
1 0.357809 0.598166 0.020075 0.017635 0.887373
0 0.940715 0.462589 0.017117 0.017117 0.887332
1 0.657132 0.415339 0.022375 0.024030 0.887323
0 0.855886 0.506312 0.005001 0.005001 0.887309
1 0.665309 0.788523 0.018256 0.013520 0.887226
1 0.308871 0.480230 0.019474 0.018479 0.887074
0 0.224271 0.415717 0.012889 0.012889 0.887043
1 0.504929 0.853623 0.016281 0.013168 0.887007
1 0.883183 0.640232 0.018573 0.013963 0.886988
0 0.837048 0.423146 0.005927 0.005927 0.886917
0 0.880224 0.459304 0.013083 0.013083 0.886845
0 0.268800 0.281570 0.015889 0.015889 0.886720
0 0.638852 0.749388 0.011493 0.011493 0.886717
0 0.153700 0.613353 0.009822 0.009822 0.886592
1 0.505159 0.507436 0.018113 0.018342 0.886443
0 0.594045 0.695542 0.006671 0.006671 0.886409
0 0.561612 0.256018 0.019040 0.019040 0.886233
0 0.623828 0.264600 0.016403 0.016403 0.886206
1 0.195439 0.512772 0.017048 0.017167 0.886204
1 0.339657 0.138910 0.018217 0.016692 0.885994
0 0.344772 0.288199 0.017121 0.017121 0.885905
0 0.648350 0.748585 0.005160 0.005160 0.885872
0 0.123590 0.400361 0.007589 0.007589 0.885718
0 0.864648 0.705069 0.008909 0.008909 0.885634
1 0.815646 0.598148 0.012726 0.015197 0.885625
1 0.840192 0.669275 0.024341 0.022963 0.885532
0 0.733308 0.555371 0.005817 0.005817 0.885473
1 0.923600 0.621496 0.017603 0.020907 0.885422
1 0.378375 0.714184 0.034849 0.023908 0.885412
1 0.265461 0.571104 0.017174 0.013372 0.885394
0 0.646446 0.610037 0.013433 0.013433 0.885096
1 0.306741 0.142388 0.023658 0.025328 0.885034
0 0.359424 0.642139 0.011871 0.011871 0.884961
0 0.346901 0.557563 0.009648 0.009648 0.884885
0 0.351940 0.127874 0.006168 0.006168 0.884389
0 0.627154 0.750100 0.012779 0.012779 0.884372
1 0.479365 0.751789 0.016542 0.018504 0.884345
1 0.241813 0.786754 0.022618 0.024758 0.884340
0 0.930432 0.607401 0.008575 0.008575 0.884253
1 0.607035 0.736498 0.011759 0.009362 0.884208
0 0.488471 0.815116 0.009515 0.009515 0.883969
1 0.279047 0.641911 0.018152 0.012953 0.883949
0 0.324360 0.104842 0.011566 0.011566 0.883826
0 0.786571 0.534790 0.005463 0.005463 0.883728
0 0.587532 0.165801 0.006100 0.006100 0.883606
0 0.539962 0.743742 0.012678 0.012678 0.883600
1 0.893868 0.328216 0.021580 0.019466 0.883563
0 0.286957 0.153768 0.016885 0.016885 0.883536
0 0.842062 0.605747 0.005880 0.005880 0.883530
0 0.760928 0.245089 0.013455 0.013455 0.883413
0 0.438382 0.711769 0.012731 0.012731 0.883396
1 0.615710 0.781394 0.015351 0.021756 0.883324
0 0.730580 0.209075 0.009986 0.009986 0.883281
0 0.879261 0.291934 0.015687 0.015687 0.883263
0 0.566863 0.544646 0.016450 0.016450 0.883217
0 0.864742 0.501105 0.005955 0.005955 0.883099
1 0.346643 0.098869 0.017535 0.018314 0.883061
0 0.424218 0.399237 0.019303 0.019303 0.883026
0 0.269071 0.862765 0.014498 0.014498 0.882973
1 0.797121 0.287741 0.014626 0.019617 0.882912
0 0.239879 0.718411 0.012259 0.012259 0.882776
1 0.849356 0.385929 0.037654 0.027369 0.882739
0 0.367497 0.136523 0.014179 0.014179 0.882682
1 0.239860 0.329201 0.022189 0.023393 0.882615
1 0.720927 0.814289 0.017427 0.014313 0.882544
1 0.297438 0.825604 0.023099 0.019305 0.882491
1 0.936866 0.512007 0.017564 0.020759 0.882382
1 0.608428 0.829062 0.014956 0.014451 0.882257
0 0.773054 0.443438 0.005813 0.005813 0.882177
0 0.871802 0.526716 0.011844 0.011844 0.882083
0 0.527597 0.903432 0.008336 0.008336 0.881821
0 0.602002 0.700634 0.008600 0.008600 0.881817
0 0.638524 0.643478 0.012988 0.012988 0.881801
1 0.572093 0.709577 0.020600 0.019001 0.881690
0 0.832622 0.450884 0.006665 0.006665 0.881664
1 0.663519 0.316598 0.032262 0.020925 0.881539
0 0.722120 0.772680 0.005965 0.005965 0.881254
0 0.872865 0.562375 0.005534 0.005534 0.881009
1 0.625033 0.710686 0.018545 0.019690 0.880956
1 0.458256 0.757461 0.017197 0.030962 0.880895
1 0.146042 0.686249 0.024338 0.024324 0.880700
1 0.809110 0.624250 0.018637 0.022072 0.880607
1 0.766702 0.485295 0.021220 0.016538 0.880483
1 0.103755 0.536111 0.022473 0.024365 0.880397
0 0.195811 0.469208 0.013902 0.013902 0.880305
0 0.187050 0.280186 0.009362 0.009362 0.880295
1 0.827544 0.648039 0.013757 0.019076 0.880270
1 0.754576 0.337800 0.016721 0.014230 0.880122
0 0.797681 0.232482 0.007342 0.007342 0.880105
1 0.181843 0.631951 0.024393 0.018340 0.880003
0 0.542685 0.867405 0.004835 0.004835 0.879818
0 0.902283 0.615493 0.011848 0.011848 0.879782
1 0.718199 0.764302 0.009056 0.007403 0.879752
0 0.597914 0.553890 0.016195 0.016195 0.879648
0 0.582602 0.848999 0.006397 0.006397 0.879594
0 0.736213 0.854977 0.017217 0.017217 0.879572
0 0.770155 0.791693 0.005883 0.005883 0.879388
0 0.830355 0.593596 0.007870 0.007870 0.879352
1 0.853762 0.313098 0.019236 0.016965 0.878826
1 0.490467 0.901906 0.025441 0.023516 0.878747
0 0.616706 0.539970 0.015600 0.015600 0.878542
0 0.576973 0.792627 0.012241 0.012241 0.878515
1 0.536949 0.761581 0.014128 0.017140 0.878237
1 0.164392 0.305677 0.019471 0.015039 0.877708
0 0.606595 0.173867 0.011916 0.011916 0.877632
1 0.435175 0.195208 0.016296 0.012878 0.877597
0 0.723839 0.416724 0.013011 0.013011 0.877552
1 0.407808 0.629668 0.016007 0.020251 0.877383
0 0.708747 0.615659 0.004875 0.004875 0.877347
0 0.770236 0.569673 0.006627 0.006627 0.877148
0 0.838386 0.592632 0.004993 0.004993 0.876943
0 0.754103 0.660992 0.005483 0.005483 0.876744
0 0.476544 0.815223 0.013262 0.013262 0.876731
1 0.882585 0.479339 0.016553 0.016216 0.876565
1 0.252936 0.152299 0.023917 0.032262 0.876417
1 0.197568 0.650788 0.013833 0.019087 0.876361
1 0.145196 0.711780 0.025758 0.019407 0.876292
0 0.150412 0.348509 0.009172 0.009172 0.876283
0 0.426333 0.141530 0.007852 0.007852 0.876216
1 0.788758 0.445376 0.022232 0.030244 0.876068
1 0.576285 0.861096 0.017847 0.017069 0.875921
1 0.573111 0.743623 0.014115 0.015531 0.875713
0 0.550252 0.829076 0.006033 0.006033 0.875551
1 0.271792 0.790593 0.018084 0.018031 0.875490
0 0.652911 0.666402 0.005429 0.005429 0.875305
1 0.136702 0.443660 0.011845 0.016910 0.875250
1 0.554774 0.376775 0.029520 0.019665 0.875006
1 0.710897 0.192586 0.016963 0.016177 0.874984
1 0.891586 0.435554 0.023103 0.022096 0.874946
0 0.523421 0.714901 0.004208 0.004208 0.874877
0 0.686161 0.553008 0.007575 0.007575 0.874848
0 0.369622 0.692914 0.011990 0.011990 0.874773
1 0.887963 0.595533 0.018985 0.023708 0.874716
1 0.606804 0.813032 0.013493 0.016711 0.874530
0 0.401587 0.915258 0.016840 0.016840 0.874397
0 0.870468 0.652430 0.008133 0.008133 0.874299
1 0.631658 0.659274 0.013767 0.016400 0.874084
1 0.668431 0.162243 0.016710 0.019631 0.873953
0 0.832063 0.615955 0.005262 0.005262 0.873884
0 0.704174 0.518587 0.007169 0.007169 0.873871
0 0.805150 0.417867 0.004654 0.004654 0.873775
0 0.190540 0.684543 0.007966 0.007966 0.873652
0 0.451736 0.173579 0.006585 0.006585 0.873615
0 0.613370 0.098240 0.018724 0.018724 0.873497
1 0.472104 0.776744 0.016593 0.027010 0.873468
0 0.791506 0.589062 0.005899 0.005899 0.873231
1 0.767907 0.512964 0.019878 0.018870 0.873220
1 0.158978 0.634791 0.014049 0.014524 0.873076
0 0.735297 0.517594 0.011813 0.011813 0.872969
1 0.311203 0.201032 0.018113 0.024274 0.872775
0 0.157055 0.442851 0.007913 0.007913 0.872774
1 0.553036 0.104906 0.028617 0.016580 0.872490
1 0.824318 0.745311 0.020358 0.023723 0.872295
0 0.111632 0.471306 0.013810 0.013810 0.872282
0 0.725984 0.847184 0.007518 0.007518 0.872223
1 0.755869 0.214208 0.017623 0.016679 0.872110
0 0.619712 0.730842 0.012714 0.012714 0.871432
1 0.633979 0.133640 0.020038 0.020403 0.871265
1 0.630694 0.568574 0.022036 0.021931 0.871254
0 0.816715 0.441765 0.012153 0.012153 0.871226
0 0.777866 0.537265 0.008538 0.008538 0.871137
1 0.595125 0.748855 0.020466 0.017851 0.871122
1 0.807882 0.777437 0.016321 0.014250 0.871036
0 0.802256 0.442421 0.005920 0.005920 0.871019
1 0.845196 0.731528 0.020897 0.031098 0.870821
0 0.658433 0.805219 0.004767 0.004767 0.870609
0 0.807039 0.715863 0.011402 0.011402 0.870458
1 0.522530 0.770852 0.014885 0.010879 0.870382
1 0.856843 0.336867 0.022326 0.025056 0.870303
1 0.776164 0.758998 0.009616 0.010687 0.870103
1 0.802738 0.790621 0.016475 0.016222 0.870069
0 0.640590 0.625607 0.011086 0.011086 0.869596
0 0.442272 0.767274 0.012468 0.012468 0.869503
0 0.654854 0.699669 0.005678 0.005678 0.869491
1 0.751157 0.465604 0.019823 0.016741 0.869456
0 0.759849 0.704459 0.013037 0.013037 0.869042
0 0.581832 0.718457 0.011656 0.011656 0.868635
0 0.811833 0.266135 0.005773 0.005773 0.868405
1 0.725920 0.439915 0.022525 0.019273 0.868384
1 0.777058 0.669013 0.019353 0.012618 0.868318
1 0.502856 0.814255 0.013770 0.018129 0.868256
1 0.732617 0.787059 0.019931 0.024422 0.867925
0 0.366098 0.105631 0.008602 0.008602 0.867783
0 0.573903 0.660072 0.013372 0.013372 0.867770
1 0.627808 0.855936 0.022808 0.016561 0.867757
0 0.627829 0.820333 0.011809 0.011809 0.867702
0 0.647129 0.830492 0.006048 0.006048 0.867679
0 0.584872 0.888403 0.014313 0.014313 0.867589
0 0.340735 0.608894 0.013186 0.013186 0.867236
0 0.646461 0.804720 0.012706 0.012706 0.866950
0 0.877175 0.616962 0.013514 0.013514 0.866857
0 0.672771 0.894816 0.017018 0.017018 0.866763
0 0.841237 0.488340 0.011823 0.011823 0.866664
1 0.105003 0.364889 0.031386 0.021227 0.865806
1 0.639119 0.441752 0.009773 0.013342 0.865795
1 0.751472 0.481728 0.008680 0.009435 0.865666
0 0.878691 0.648741 0.006235 0.006235 0.865197
1 0.786700 0.371557 0.015692 0.016291 0.865065
0 0.790151 0.697547 0.012038 0.012038 0.864840
0 0.450538 0.715882 0.013917 0.013917 0.864836
1 0.920922 0.582891 0.026502 0.030673 0.864547
0 0.729501 0.770459 0.006263 0.006263 0.864523
1 0.335796 0.865965 0.036985 0.043310 0.863925
1 0.685211 0.821042 0.008578 0.009348 0.863883
1 0.124524 0.539385 0.018475 0.026953 0.863734
1 0.358026 0.614107 0.009570 0.010533 0.863571
1 0.402236 0.770422 0.018808 0.029710 0.863080
1 0.864974 0.542130 0.016655 0.019997 0.862976
1 0.207651 0.250866 0.019499 0.023299 0.862800
1 0.692822 0.728792 0.024604 0.018156 0.862719
1 0.132865 0.349514 0.019106 0.020243 0.862674
0 0.804501 0.662962 0.005536 0.005536 0.862665
1 0.560686 0.874472 0.018037 0.029866 0.862660
0 0.761700 0.426397 0.005179 0.005179 0.862644
1 0.153694 0.741130 0.033224 0.047847 0.862601
0 0.921201 0.371311 0.007572 0.007572 0.862443
1 0.152092 0.421528 0.017527 0.014087 0.862319
1 0.230675 0.708069 0.014997 0.013122 0.862300
1 0.495271 0.097416 0.019917 0.025241 0.862241
1 0.257926 0.752131 0.027742 0.020593 0.862178
1 0.580716 0.874780 0.013277 0.015575 0.862161
1 0.561031 0.753919 0.012617 0.012724 0.862045
1 0.780912 0.423369 0.015191 0.014756 0.862036
0 0.519233 0.872890 0.011703 0.011703 0.862032
1 0.561678 0.077167 0.025553 0.018027 0.861837
1 0.736612 0.240481 0.035911 0.020989 0.861575
1 0.575405 0.159944 0.009826 0.015083 0.861556
0 0.510607 0.100135 0.015684 0.015684 0.861549
1 0.152989 0.292360 0.023412 0.016523 0.861403
1 0.601113 0.162372 0.015042 0.011444 0.861297
1 0.222394 0.339257 0.017683 0.022501 0.861283
0 0.623021 0.453825 0.018079 0.018079 0.861152
0 0.150855 0.446973 0.009007 0.009007 0.860876
0 0.332060 0.651628 0.007722 0.007722 0.860864
0 0.547882 0.125295 0.013135 0.013135 0.860776
1 0.801280 0.321807 0.018432 0.018057 0.860722
0 0.498296 0.133543 0.013902 0.013902 0.860378
0 0.474356 0.866414 0.014059 0.014059 0.860169
1 0.561841 0.164028 0.017132 0.013447 0.860084
0 0.658940 0.590602 0.003834 0.003834 0.859979
1 0.736787 0.695277 0.020850 0.014355 0.859604
0 0.695428 0.548226 0.013123 0.013123 0.859592
0 0.771100 0.241525 0.006015 0.006015 0.859504
1 0.609443 0.711188 0.012675 0.014753 0.859429
1 0.732122 0.706552 0.012797 0.014278 0.859335
0 0.293298 0.661621 0.012623 0.012623 0.859319
1 0.910990 0.481243 0.019722 0.022483 0.859245
1 0.589588 0.124522 0.020238 0.022371 0.858816
0 0.654525 0.675307 0.006344 0.006344 0.858323
1 0.822439 0.287698 0.056972 0.045058 0.858119
0 0.591968 0.685376 0.012114 0.012114 0.857960
0 0.697506 0.742519 0.005627 0.005627 0.857685
0 0.681535 0.690577 0.004495 0.004495 0.857548
1 0.725307 0.603303 0.006820 0.010126 0.857547
0 0.810425 0.682392 0.010699 0.010699 0.857491
1 0.643419 0.699783 0.017798 0.012056 0.857221
1 0.463923 0.118542 0.016925 0.016073 0.857074
1 0.321856 0.122645 0.026478 0.017341 0.857005
0 0.121466 0.610285 0.013909 0.013909 0.856950
1 0.311233 0.648315 0.026412 0.020816 0.856886
0 0.567621 0.120032 0.014036 0.014036 0.856743
1 0.299710 0.623696 0.029878 0.039177 0.856502
1 0.868201 0.471127 0.015817 0.018913 0.856484
0 0.729862 0.585983 0.004073 0.004073 0.856093
1 0.625085 0.906158 0.021480 0.016299 0.856073
0 0.834010 0.364270 0.013150 0.013150 0.855707
1 0.440351 0.896773 0.011254 0.010773 0.855461
0 0.416213 0.728574 0.005780 0.005780 0.855306
1 0.310043 0.174809 0.018223 0.015622 0.855166
1 0.707331 0.791942 0.015835 0.014428 0.855139
1 0.520748 0.914565 0.019894 0.020939 0.854655
1 0.662051 0.682861 0.019531 0.016233 0.854572
1 0.217072 0.809179 0.019430 0.027835 0.854410
1 0.369761 0.882028 0.018608 0.015591 0.854349
0 0.099068 0.554459 0.016592 0.016592 0.854237
1 0.883456 0.576531 0.041266 0.025173 0.854050
1 0.749352 0.529546 0.024490 0.019926 0.854027
1 0.742821 0.671485 0.011695 0.017630 0.853820
0 0.248593 0.695742 0.013057 0.013057 0.853595
1 0.427765 0.119945 0.022145 0.019021 0.853266
1 0.361076 0.818339 0.015758 0.015623 0.853213
0 0.121718 0.413088 0.012738 0.012738 0.853020
0 0.617165 0.697028 0.011563 0.011563 0.852889
0 0.734299 0.755203 0.013664 0.013664 0.852581
1 0.864558 0.456830 0.009259 0.007545 0.852573
0 0.203617 0.711707 0.016041 0.016041 0.852544
1 0.396268 0.128778 0.020332 0.024667 0.852393
1 0.083187 0.536947 0.016564 0.019313 0.852026
0 0.143547 0.409936 0.012700 0.012700 0.851900
1 0.452866 0.188677 0.025084 0.024906 0.851765
1 0.767278 0.583963 0.011783 0.015015 0.851707
1 0.670647 0.660062 0.017582 0.027309 0.851704
0 0.761916 0.655257 0.011031 0.011031 0.851597
1 0.572857 0.674303 0.013484 0.012981 0.851319
0 0.346512 0.722794 0.012237 0.012237 0.851155
1 0.611525 0.131313 0.016339 0.020760 0.851001
0 0.319317 0.624490 0.010719 0.010719 0.850957
1 0.127011 0.628098 0.017456 0.015355 0.850889
1 0.110182 0.424541 0.018440 0.013725 0.850624
1 0.357517 0.722024 0.012425 0.021205 0.850266
0 0.110290 0.402985 0.016173 0.016173 0.850047
0 0.719217 0.662465 0.004525 0.004525 0.849957
0 0.717673 0.410207 0.007239 0.007239 0.849854
1 0.271417 0.850050 0.022029 0.015389 0.849828
1 0.345211 0.544676 0.015415 0.010354 0.849590
0 0.560970 0.919908 0.007994 0.007994 0.849303
0 0.469878 0.095906 0.008990 0.008990 0.849134
0 0.495545 0.825206 0.011370 0.011370 0.848310
0 0.662785 0.196874 0.010039 0.010039 0.847746
1 0.176295 0.687730 0.015548 0.015727 0.847277
1 0.273226 0.672687 0.023826 0.019428 0.847254
1 0.184155 0.292228 0.020661 0.018547 0.847029
1 0.329734 0.638442 0.016033 0.016177 0.847007
1 0.291774 0.801679 0.022359 0.022882 0.846938
0 0.780085 0.609456 0.004088 0.004088 0.846429
0 0.599789 0.182981 0.013092 0.013092 0.846248
1 0.711645 0.241903 0.016228 0.012613 0.846150
0 0.642917 0.820810 0.012595 0.012595 0.845759
0 0.804077 0.699195 0.005526 0.005526 0.845351
1 0.639934 0.688002 0.017972 0.012266 0.845039
0 0.804624 0.271483 0.008040 0.008040 0.845037
0 0.581893 0.676093 0.005133 0.005133 0.844700
1 0.567800 0.835531 0.014053 0.012818 0.844258
0 0.800195 0.667444 0.004536 0.004536 0.844058
1 0.676197 0.551146 0.013438 0.013481 0.843878
1 0.374157 0.736164 0.025090 0.024647 0.843716
0 0.551090 0.904073 0.015327 0.015327 0.843534
0 0.377872 0.094793 0.008176 0.008176 0.843421
0 0.424188 0.755287 0.007246 0.007246 0.843419
1 0.665766 0.557262 0.014268 0.013711 0.843211
1 0.779547 0.563824 0.016266 0.012240 0.843171
1 0.296606 0.596305 0.013221 0.017571 0.842249
1 0.328772 0.515567 0.029363 0.023939 0.842240
0 0.208761 0.538011 0.007807 0.007807 0.842186
1 0.290069 0.185553 0.027673 0.031858 0.842183
0 0.720454 0.795927 0.004906 0.004906 0.841156
1 0.122242 0.442818 0.023340 0.039022 0.840559
0 0.471666 0.110223 0.007810 0.007810 0.840237
0 0.538091 0.827780 0.014137 0.014137 0.839305
1 0.855968 0.625906 0.031216 0.025080 0.839135
1 0.816727 0.763378 0.016085 0.016113 0.838943
0 0.836237 0.324560 0.005293 0.005293 0.838695
1 0.137053 0.334962 0.015196 0.014251 0.838665
1 0.915212 0.524673 0.018230 0.022602 0.838583
0 0.635393 0.741142 0.003967 0.003967 0.838165
1 0.278168 0.610290 0.021470 0.030941 0.837943
0 0.643836 0.674800 0.011967 0.011967 0.837893
1 0.578464 0.826366 0.021038 0.012931 0.837884
1 0.545102 0.555405 0.009504 0.013990 0.837663
1 0.206749 0.548818 0.015321 0.019954 0.837605
1 0.560276 0.152559 0.018786 0.012114 0.837419
1 0.456126 0.894091 0.014410 0.014278 0.837318
1 0.751325 0.193899 0.044293 0.025793 0.837298
1 0.318800 0.669172 0.027355 0.026991 0.837222
1 0.889947 0.558205 0.014745 0.012684 0.836601
1 0.778256 0.406865 0.014425 0.015651 0.836425
0 0.325773 0.838353 0.017152 0.017152 0.836236
1 0.743817 0.592535 0.014406 0.014344 0.835752
0 0.759305 0.349330 0.014672 0.014672 0.835474
1 0.888348 0.664118 0.014736 0.016996 0.835283
1 0.850021 0.586036 0.013206 0.018450 0.835232
0 0.170076 0.744548 0.014787 0.014787 0.835175
1 0.715575 0.632967 0.022377 0.021163 0.835084
1 0.807678 0.530210 0.018916 0.020676 0.834757
0 0.777356 0.746702 0.014310 0.014310 0.834640
0 0.150666 0.379387 0.011413 0.011413 0.833837
0 0.896075 0.477768 0.005487 0.005487 0.833462
0 0.466347 0.104614 0.007897 0.007897 0.833364
0 0.660700 0.876444 0.006329 0.006329 0.833293
1 0.608049 0.906375 0.015275 0.020845 0.833271
1 0.676531 0.874924 0.016842 0.024726 0.833227
0 0.743903 0.563070 0.010583 0.010583 0.832913
1 0.171336 0.324019 0.019737 0.015003 0.832771
1 0.663618 0.826258 0.020665 0.027570 0.832204
1 0.276708 0.821598 0.019246 0.015666 0.831903
1 0.704601 0.642591 0.010374 0.011581 0.831373
0 0.796181 0.686076 0.005536 0.005536 0.831300
0 0.866422 0.287688 0.015904 0.015904 0.830734
0 0.167192 0.272241 0.017416 0.017416 0.830517
1 0.202717 0.364321 0.015244 0.013792 0.829919
1 0.861134 0.420404 0.013871 0.012726 0.829910
1 0.682443 0.627227 0.019866 0.016027 0.829698
0 0.252726 0.230004 0.016143 0.016143 0.829431
1 0.856393 0.602114 0.021790 0.017682 0.828849
1 0.320494 0.772941 0.014297 0.013267 0.828088
1 0.753274 0.788772 0.025407 0.019313 0.827940
1 0.162248 0.390898 0.031538 0.024511 0.827664
0 0.698053 0.667803 0.004159 0.004159 0.826933
1 0.291012 0.546061 0.013541 0.007585 0.826317
1 0.208430 0.308815 0.019495 0.032112 0.826317
0 0.410772 0.114844 0.013024 0.013024 0.825676
1 0.447279 0.835027 0.013083 0.012359 0.825631
1 0.320767 0.148047 0.012278 0.012735 0.825627
1 0.850603 0.646285 0.029818 0.024122 0.823700
1 0.748124 0.553287 0.011235 0.010601 0.823564
1 0.902440 0.461124 0.021363 0.018728 0.823028
1 0.170735 0.368309 0.025279 0.026013 0.822653
0 0.757301 0.609869 0.004192 0.004192 0.822633
0 0.540460 0.812974 0.015372 0.015372 0.822165
0 0.799006 0.496256 0.008660 0.008660 0.821944
0 0.726745 0.663328 0.004480 0.004480 0.821178
1 0.778373 0.222765 0.023657 0.023330 0.819770
0 0.781169 0.461839 0.005695 0.005695 0.819049
1 0.675609 0.801711 0.023339 0.016315 0.818799
0 0.616249 0.187927 0.014740 0.014740 0.817998
1 0.814603 0.332710 0.013689 0.018119 0.817862
0 0.374111 0.752602 0.011707 0.011707 0.817357
0 0.503294 0.624080 0.015496 0.015496 0.817089
1 0.349321 0.669125 0.009423 0.010115 0.816690
1 0.711416 0.872735 0.033390 0.031838 0.815502
0 0.713072 0.586218 0.012450 0.012450 0.815241
0 0.358666 0.165124 0.014910 0.014910 0.815122
0 0.108354 0.606226 0.012585 0.012585 0.815075
0 0.803215 0.691249 0.010855 0.010855 0.814954
1 0.239126 0.249250 0.016519 0.016371 0.814826
1 0.630837 0.184457 0.022147 0.020768 0.814338
1 0.377780 0.115181 0.032582 0.026059 0.814174
1 0.859839 0.571730 0.009157 0.008697 0.814109
1 0.449668 0.702068 0.013537 0.005309 0.813988
1 0.830353 0.318948 0.015299 0.016544 0.813702
1 0.765687 0.309349 0.011600 0.013073 0.813469
1 0.706694 0.508499 0.014320 0.013731 0.813043
1 0.688244 0.671266 0.013926 0.011651 0.812051
0 0.245663 0.616784 0.013674 0.013674 0.811826
0 0.788337 0.738386 0.011845 0.011845 0.811824
0 0.573577 0.683376 0.004459 0.004459 0.810188
0 0.664532 0.189466 0.007897 0.007897 0.810142
0 0.836433 0.519988 0.003358 0.003358 0.809513
1 0.784954 0.582458 0.011647 0.014531 0.809391
1 0.755606 0.733076 0.006702 0.009335 0.808740
0 0.766449 0.300224 0.004075 0.004075 0.808397
1 0.253993 0.767358 0.017922 0.016997 0.805235
1 0.491481 0.850057 0.013041 0.013354 0.804961
1 0.862315 0.406696 0.015456 0.013757 0.804825
0 0.338169 0.535233 0.012912 0.012912 0.804598
1 0.737881 0.623293 0.024315 0.018967 0.803726
1 0.780869 0.729335 0.013982 0.011298 0.803297
0 0.828181 0.416058 0.014174 0.014174 0.803178
1 0.810387 0.253969 0.014756 0.013990 0.801851
0 0.684664 0.714904 0.012013 0.012013 0.800730
0 0.780352 0.202090 0.008916 0.008916 0.799337
1 0.411650 0.130014 0.019317 0.016949 0.798549
1 0.768206 0.530791 0.018746 0.014234 0.797974
1 0.242668 0.504676 0.026913 0.016477 0.797264
1 0.820169 0.537081 0.011297 0.011408 0.797242
0 0.776996 0.576195 0.004756 0.004756 0.797192
0 0.868065 0.559310 0.003978 0.003978 0.797164
1 0.151205 0.333148 0.014947 0.017566 0.797138
0 0.423740 0.746284 0.011801 0.011801 0.796695
0 0.232186 0.447517 0.013330 0.013330 0.796453
0 0.400301 0.745387 0.006062 0.006062 0.795706
1 0.161731 0.500390 0.013489 0.014125 0.795211
1 0.584639 0.196400 0.014926 0.014145 0.794818
1 0.484516 0.688625 0.014988 0.013429 0.793325
0 0.463796 0.087016 0.016857 0.016857 0.793256
0 0.766590 0.522475 0.006208 0.006208 0.792576
0 0.852235 0.569562 0.004530 0.004530 0.792345
1 0.711306 0.671352 0.013713 0.015267 0.791154
0 0.777064 0.594069 0.011756 0.011756 0.791018
0 0.598182 0.822937 0.004948 0.004948 0.788287
1 0.822018 0.710493 0.028471 0.019771 0.787655
1 0.759783 0.597554 0.021047 0.021006 0.787105
0 0.365581 0.080959 0.009847 0.009847 0.787039
0 0.792493 0.237190 0.004827 0.004827 0.784961
1 0.727515 0.657790 0.007128 0.005700 0.784173
1 0.899139 0.496575 0.014399 0.015654 0.782552
1 0.362252 0.177811 0.014102 0.013386 0.782022
1 0.380744 0.084619 0.016649 0.014839 0.781662
0 0.828041 0.528818 0.013514 0.013514 0.777998
0 0.808958 0.494434 0.008149 0.008149 0.777985
1 0.684732 0.846572 0.020721 0.021052 0.777122
0 0.595939 0.704888 0.005031 0.005031 0.777088
1 0.469567 0.906397 0.023981 0.021397 0.776976
0 0.557072 0.123263 0.005567 0.005567 0.776161
0 0.385495 0.745581 0.004931 0.004931 0.774749
1 0.544480 0.919723 0.026710 0.025797 0.774580
0 0.609045 0.150130 0.012662 0.012662 0.772029
0 0.825025 0.633320 0.005125 0.005125 0.771911
0 0.159604 0.677941 0.014614 0.014614 0.771493
1 0.436043 0.747647 0.015757 0.022258 0.768605
1 0.723275 0.802905 0.011243 0.010449 0.768373
0 0.812624 0.672335 0.011330 0.011330 0.767275
1 0.563884 0.701425 0.007940 0.006930 0.764964
1 0.180533 0.343355 0.010908 0.008665 0.764296
0 0.893319 0.484397 0.006860 0.006860 0.762416
1 0.427592 0.152952 0.011927 0.014676 0.762286
1 0.383679 0.689297 0.014630 0.015209 0.760329
0 0.906276 0.548892 0.004248 0.004248 0.759692
0 0.445012 0.173257 0.007719 0.007719 0.755363
1 0.723005 0.616958 0.017033 0.015813 0.752735
0 0.739070 0.545818 0.011907 0.011907 0.752274
0 0.403087 0.725526 0.010789 0.010789 0.751472
0 0.695583 0.629288 0.004556 0.004556 0.751399
0 0.841684 0.446221 0.012525 0.012525 0.750467
1 0.213897 0.371039 0.009100 0.011393 0.748644
1 0.292096 0.674936 0.015027 0.016857 0.748281
0 0.221356 0.404968 0.004208 0.004208 0.746476
1 0.842096 0.286073 0.014612 0.012408 0.745033
1 0.486169 0.862551 0.013816 0.014126 0.744700
1 0.241506 0.730692 0.013424 0.013092 0.743455
1 0.842378 0.295373 0.015199 0.008472 0.742045
1 0.313890 0.492060 0.015296 0.012046 0.741339
0 0.765373 0.205878 0.012745 0.012745 0.740446
0 0.818559 0.663763 0.010937 0.010937 0.739738
1 0.740475 0.606805 0.023028 0.017415 0.739430
0 0.809173 0.587722 0.011959 0.011959 0.739050
0 0.843009 0.272656 0.014521 0.014521 0.739010
1 0.481449 0.160282 0.012796 0.013181 0.738496
1 0.660549 0.669061 0.010593 0.010473 0.735731
0 0.806939 0.542462 0.009634 0.009634 0.735704
0 0.775902 0.307763 0.012645 0.012645 0.732666
1 0.796326 0.219771 0.018484 0.014733 0.724667
1 0.157538 0.648547 0.013653 0.009662 0.724078
0 0.568034 0.721555 0.006360 0.006360 0.723418
0 0.796816 0.273728 0.007775 0.007775 0.719600
0 0.719670 0.826168 0.011527 0.011527 0.719580
0 0.680744 0.674949 0.005539 0.005539 0.718481
0 0.856944 0.580058 0.004733 0.004733 0.715562
1 0.644657 0.145666 0.016711 0.016375 0.709049
0 0.372905 0.171314 0.007390 0.007390 0.700670
1 0.816995 0.650474 0.012746 0.016694 0.697893
0 0.569255 0.848623 0.013126 0.013126 0.692074
0 0.862675 0.614237 0.010509 0.010509 0.690061
1 0.141043 0.393733 0.015165 0.017780 0.688591
0 0.388998 0.623300 0.014191 0.014191 0.685921
0 0.591868 0.711818 0.013264 0.013264 0.682961
0 0.484200 0.767708 0.004819 0.004819 0.674238
0 0.853341 0.561064 0.005874 0.005874 0.671274
0 0.752031 0.619246 0.003788 0.003788 0.666538
0 0.751315 0.692576 0.010545 0.010545 0.666053
1 0.799008 0.730683 0.022048 0.018434 0.664850
1 0.143708 0.365135 0.025263 0.022577 0.663540
1 0.859784 0.559241 0.011192 0.010032 0.656214
0 0.801951 0.912769 0.003429 0.003429 0.655227
0 0.685241 0.467015 0.006336 0.006336 0.652065
0 0.455564 0.150846 0.011602 0.011602 0.633146
0 0.817418 0.309824 0.015515 0.015515 0.630829
1 0.127776 0.380185 0.016688 0.015618 0.623511
1 0.442948 0.847572 0.013347 0.013161 0.611128
0 0.226622 0.796941 0.011897 0.011897 0.578388
1 0.131785 0.640236 0.015681 0.013790 0.574970
1 0.387616 0.070496 0.019223 0.016085 0.558331
0 0.871809 0.536959 0.005431 0.005431 0.551124
0 0.298741 0.200622 0.008331 0.008331 0.542078
0 0.706408 0.802589 0.003597 0.003597 0.517214
0 0.649473 0.185696 0.013715 0.013715 0.507567
